5
1,80,2,1,12,0,0
2,77,2,1,4,0,0
3,58,1,1,6,1,0
4,58,1,1,11,5,0
5,2,12,0,21,18,0
6,70,3,1,10,4,0
7,50,0,1,2,5,0
8,2,3,0,15,11,0
9,66,2,1,3,2,0
10,3,40,0,18,18,0
11,43,3,1,7,3,0
12,4,19,0,11,19,0
13,0,37,0,13,0,0
14,1,22,0,11,7,0
15,80,1,1,20,4,0
16,67,1,1,6,4,0
17,41,3,1,10,1,0
18,1,35,0,21,15,0
19,72,0,1,17,4,0
20,0,27,0,20,6,0
21,4,31,0,11,2,0
22,0,1,0,13,17,0
23,2,4,0,11,0,0
24,2,22,0,17,7,0
25,1,35,0,21,13,0
26,0,8,0,21,1,0
27,2,24,0,21,1,0
28,58,3,1,15,5,0
29,2,31,0,13,12,0
30,2,17,0,12,11,0
31,0,3,0,13,18,0
32,0,31,0,21,5,0
33,1,7,0,15,10,0
34,48,1,1,11,4,0
35,3,5,0,20,3,0
36,54,3,1,22,4,0
37,2,13,0,20,14,0
38,2,21,0,21,16,0
39,4,14,0,13,8,0
40,3,29,0,15,1,0
41,48,4,1,8,2,0
42,73,0,1,16,1,0
43,68,0,1,13,5,0
44,1,31,0,15,17,0
45,68,3,1,17,4,0
46,2,9,0,21,7,0
47,2,28,0,21,2,0
48,67,4,1,23,2,0
49,66,4,1,7,0,0
50,62,0,1,8,1,0
51,2,22,0,17,16,0
52,2,7,0,17,4,0
53,3,13,0,17,14,0
54,44,1,1,22,0,0
55,73,0,1,2,2,0
56,47,0,1,23,3,0
57,1,13,0,15,18,0
58,41,1,1,8,4,0
59,41,2,1,8,3,0
60,45,4,1,14,0,0
61,51,1,1,24,1,0
62,1,15,0,12,14,0
63,0,21,0,12,14,0
64,2,18,0,12,14,0
65,2,8,0,20,15,0
66,0,1,0,17,6,0
67,2,15,0,20,12,0
68,54,3,1,6,5,0
69,52,1,1,5,0,0
70,61,2,1,6,4,0
71,0,13,0,17,11,0
72,79,3,1,18,2,0
73,77,3,1,14,5,0
74,4,37,0,19,3,0
75,2,9,0,17,0,0
76,67,3,1,23,4,0
77,47,4,1,19,1,0
78,65,4,1,9,3,0
79,3,36,0,20,18,0
80,0,40,0,17,8,0
81,2,9,0,17,2,0
82,2,8,0,19,12,0
83,1,19,0,15,10,0
84,4,38,0,21,3,0
85,46,0,1,11,3,0
86,77,2,1,10,5,0
87,4,27,0,12,16,0
88,2,22,0,21,5,0
89,79,4,1,23,2,0
90,51,0,1,21,3,0
91,1,7,0,15,18,0
92,61,4,1,21,3,0
93,47,3,1,19,3,0
94,3,7,0,21,14,0
95,3,22,0,21,9,0
96,3,32,0,11,1,0
97,69,1,1,15,0,0
98,47,4,1,15,4,0
99,0,20,0,12,3,0
100,0,1,0,11,8,0
101,2,25,0,18,12,0
102,0,38,0,12,16,0
103,3,8,0,12,11,0
104,1,40,0,11,3,0
105,2,18,0,15,5,0
106,2,0,0,13,1,0
107,0,1,0,15,18,0
108,0,12,0,11,1,0
109,77,2,1,20,4,0
110,0,33,0,13,13,0
111,80,2,1,13,2,0
112,79,2,1,20,3,0
113,55,4,1,2,5,0
114,4,27,0,12,10,0
115,1,16,0,18,6,0
116,44,1,1,8,4,0
117,48,2,1,10,2,0
118,0,3,0,20,0,0
119,4,24,0,15,2,0
120,3,18,0,15,17,0
121,74,1,1,3,2,0
122,3,19,0,21,5,0
123,48,4,1,4,2,0
124,4,0,0,12,6,0
125,48,3,1,22,2,0
126,1,15,0,20,18,0
127,1,28,0,20,9,0
128,77,4,1,19,3,0
129,4,11,0,17,17,0
130,51,1,1,19,4,0
131,4,13,0,18,14,0
132,59,2,1,4,1,0
133,50,3,1,21,0,0
134,0,9,0,13,14,0
135,51,4,1,7,3,0
136,53,2,1,15,5,0
137,1,13,0,11,16,0
138,41,3,1,7,0,0
139,55,1,1,18,0,0
140,71,4,1,17,5,0
141,61,0,1,24,0,0
142,54,0,1,12,0,0
143,0,4,0,11,1,0
144,1,33,0,20,18,0
145,50,0,1,22,3,0
146,2,13,0,12,19,0
147,0,21,0,19,19,0
148,79,4,1,18,5,0
149,3,22,0,21,1,0
150,46,2,1,16,3,0
151,78,2,1,6,1,0
152,1,36,0,17,17,0
153,56,4,1,11,2,0
154,2,14,0,13,15,0
155,3,31,0,15,8,0
156,59,0,1,6,5,0
157,3,27,0,11,14,0
158,46,0,1,19,0,0
159,0,6,0,21,13,0
160,50,4,1,15,4,0
161,76,1,1,8,3,0
162,2,36,0,19,19,0
163,2,7,0,15,19,0
164,1,15,0,17,14,0
165,3,5,0,11,2,0
166,61,0,1,3,2,0
167,4,34,0,12,18,0
168,67,4,1,6,5,0
169,2,31,0,17,9,0
170,70,1,1,4,4,0
171,0,13,0,20,0,0
172,0,18,0,11,8,0
173,4,8,0,21,10,0
174,49,3,1,12,2,0
175,43,2,1,3,3,0
176,73,4,1,14,1,0
177,2,3,0,12,11,0
178,0,16,0,21,13,0
179,0,25,0,21,8,0
180,63,1,1,8,4,0
181,45,0,1,6,4,0
182,0,38,0,21,4,0
183,4,3,0,11,6,0
184,1,14,0,21,12,0
185,1,39,0,21,2,0
186,67,1,1,17,4,0
187,69,4,1,23,2,0
188,45,1,1,12,1,0
189,62,1,1,19,3,0
190,75,4,1,11,0,0
191,4,5,0,15,11,0
192,72,3,1,7,2,0
193,53,1,1,3,1,0
194,73,4,1,6,2,0
195,63,1,1,10,3,0
196,3,28,0,19,10,0
197,4,39,0,11,19,0
198,75,1,1,7,4,0
199,3,14,0,20,0,0
200,0,6,0,13,3,0
201,54,0,1,8,1,0
202,66,2,1,15,4,0
203,52,2,1,18,1,0
204,0,8,0,20,10,0
205,59,2,1,14,5,0
206,3,8,0,18,9,0
207,4,3,0,12,2,0
208,3,20,0,11,4,0
209,57,0,1,13,4,0
210,3,7,0,13,19,0
211,0,10,0,21,6,0
212,64,0,1,20,2,0
213,1,5,0,15,17,0
214,48,2,1,8,0,0
215,0,26,0,18,10,0
216,1,14,0,18,17,0
217,2,35,0,11,15,0
218,0,40,0,19,16,0
219,2,25,0,18,16,0
220,0,5,0,19,12,0
221,77,2,1,20,5,0
222,3,40,0,21,9,0
223,0,15,0,18,17,0
224,0,2,0,19,7,0
225,62,1,1,4,5,0
226,3,9,0,18,18,0
227,1,40,0,11,16,0
228,2,40,0,17,14,0
229,75,2,1,9,0,0
230,64,0,1,24,5,0
231,4,40,0,13,5,0
232,2,23,0,12,2,0
233,56,0,1,12,1,0
234,72,4,1,20,1,0
235,79,0,1,13,5,0
236,3,25,0,17,16,0
237,0,3,0,13,11,0
238,61,3,1,24,1,0
239,3,17,0,11,5,0
240,58,3,1,24,4,0
241,73,1,1,13,0,0
242,61,1,1,13,5,0
243,59,0,1,21,5,0
244,2,32,0,20,4,0
245,4,22,0,20,6,0
246,73,1,1,3,2,0
247,50,2,1,14,5,0
248,63,2,1,18,4,0
249,2,2,0,20,7,0
250,3,5,0,12,11,0
251,72,0,1,7,2,0
252,4,20,0,12,14,0
253,2,16,0,21,0,0
254,50,2,1,18,4,0
255,64,2,1,7,5,0
256,61,4,1,3,1,0
257,2,24,0,11,7,0
258,44,2,1,18,1,0
259,1,8,0,15,2,0
260,56,4,1,13,5,0
261,2,22,0,15,4,0
262,3,27,0,19,0,0
263,0,33,0,20,12,0
264,54,3,1,18,3,0
265,4,4,0,21,11,0
266,79,3,1,13,1,0
267,47,4,1,13,1,0
268,55,3,1,20,0,0
269,72,3,1,17,5,0
270,0,6,0,15,9,0
271,63,4,1,7,2,0
272,3,3,0,21,11,0
273,58,2,1,18,1,0
274,0,7,0,17,9,0
275,64,4,1,3,3,0
276,44,4,1,8,3,0
277,0,22,0,20,4,0
278,70,1,1,7,0,0
279,42,4,1,5,2,0
280,59,0,1,16,4,0
281,2,5,0,21,5,0
282,4,1,0,19,7,0
283,0,11,0,17,8,0
284,1,11,0,11,7,0
285,4,19,0,15,15,0
286,4,7,0,13,16,0
287,0,29,0,18,1,0
288,47,0,1,2,2,0
289,79,0,1,13,0,0
290,52,1,1,13,1,0
291,2,13,0,12,9,0
292,1,21,0,11,11,0
293,3,23,0,12,2,0
294,3,6,0,19,2,0
295,59,2,1,6,1,0
296,2,23,0,18,19,0
297,1,21,0,20,9,0
298,54,1,1,15,1,0
299,4,23,0,13,1,0
300,68,0,1,2,4,0
301,1,4,0,13,9,0
302,3,0,0,15,9,0
303,45,4,1,14,2,0
304,3,24,0,12,0,0
305,69,3,1,3,0,0
306,3,33,0,15,9,0
307,57,2,1,14,0,0
308,2,1,0,20,11,0
309,1,6,0,21,15,0
310,51,4,1,3,3,0
311,69,2,1,17,3,0
312,0,39,0,19,11,0
313,1,29,0,17,12,0
314,77,1,1,7,4,0
315,64,4,1,21,1,0
316,71,0,1,11,1,0
317,74,3,1,10,0,0
318,77,3,1,11,4,0
319,4,13,0,20,11,0
320,4,19,0,12,0,0
321,78,3,1,3,1,0
322,67,2,1,14,0,0
323,1,5,0,11,5,0
324,1,25,0,11,0,0
325,60,0,1,5,2,0
326,55,4,1,20,2,0
327,62,2,1,6,2,0
328,66,1,1,15,3,0
329,60,1,1,8,4,0
330,0,24,0,13,16,0
331,72,2,1,18,0,0
332,66,0,1,11,5,0
333,4,39,0,15,18,0
334,1,18,0,19,1,0
335,4,25,0,17,18,0
336,41,0,1,4,1,0
337,67,2,1,6,1,0
338,1,19,0,15,5,0
339,45,3,1,15,4,0
340,2,31,0,20,2,0
341,3,28,0,12,10,0
342,43,2,1,12,3,0
343,61,0,1,12,3,0
344,2,25,0,20,7,0
345,70,4,1,23,4,0
346,46,0,1,9,1,0
347,1,21,0,19,4,0
348,74,2,1,11,5,0
349,66,1,1,5,5,0
350,78,1,1,6,4,0
351,70,0,1,3,2,0
352,2,39,0,20,2,0
353,1,0,0,20,2,0
354,73,0,1,16,1,0
355,61,1,1,13,0,0
356,66,3,1,4,4,0
357,0,17,0,20,16,0
358,1,8,0,21,16,0
359,59,4,1,22,3,0
360,71,3,1,23,4,0
361,2,4,0,18,0,0
362,2,10,0,19,16,0
363,3,24,0,20,9,0
364,45,2,1,10,1,0
365,3,27,0,12,1,0
366,73,1,1,24,5,0
367,4,24,0,19,9,0
368,67,2,1,19,4,0
369,2,25,0,17,5,0
370,50,1,1,23,5,0
371,79,1,1,20,3,0
372,52,3,1,13,1,0
373,0,31,0,11,12,0
374,54,4,1,3,2,0
375,42,3,1,14,2,0
376,44,2,1,18,5,0
377,3,3,0,20,10,0
378,41,3,1,7,4,0
379,4,30,0,17,16,0
380,55,4,1,21,4,0
381,56,0,1,20,3,0
382,61,3,1,21,0,0
383,0,23,0,17,18,0
384,1,25,0,15,3,0
385,3,0,0,18,5,0
386,4,37,0,13,17,0
387,49,4,1,16,0,0
388,53,4,1,20,3,0
389,42,3,1,23,2,0
390,4,39,0,21,16,0
391,4,3,0,17,15,0
392,73,2,1,18,5,0
393,55,0,1,18,4,0
394,68,2,1,8,0,0
395,57,3,1,24,0,0
396,64,0,1,11,5,0
397,1,40,0,12,5,0
398,0,31,0,17,3,0
399,42,0,1,24,4,0
400,42,1,1,3,4,0
401,53,2,1,4,4,0
402,69,0,1,4,3,0
403,2,7,0,20,1,0
404,4,13,0,20,11,0
405,3,28,0,21,2,0
406,59,4,1,10,3,0
407,77,3,1,19,4,0
408,1,30,0,15,4,0
409,4,5,0,15,10,0
410,1,25,0,15,11,0
411,73,4,1,3,5,0
412,2,2,0,20,14,0
413,4,22,0,20,9,0
414,74,2,1,24,1,0
415,56,2,1,16,0,0
416,45,0,1,6,1,0
417,0,14,0,13,2,0
418,49,4,1,10,4,0
419,71,4,1,12,3,0
420,50,4,1,24,0,0
421,1,28,0,15,0,0
422,48,0,1,20,5,0
423,59,0,1,24,2,0
424,53,0,1,21,1,0
425,74,2,1,18,1,0
426,51,3,1,17,4,0
427,42,2,1,3,3,0
428,4,27,0,17,6,0
429,60,1,1,16,0,0
430,2,37,0,20,17,0
431,1,3,0,12,1,0
432,3,19,0,20,17,0
433,71,4,1,9,5,0
434,1,36,0,12,16,0
435,41,2,1,13,1,0
436,60,4,1,15,3,0
437,3,39,0,12,1,0
438,58,3,1,8,3,0
439,0,9,0,19,15,0
440,62,1,1,12,3,0
441,3,15,0,15,13,0
442,0,39,0,18,10,0
443,59,3,1,10,5,0
444,3,40,0,11,7,0
445,1,32,0,20,6,0
446,0,12,0,13,17,0
447,2,0,0,21,8,0
448,2,16,0,12,1,0
449,4,15,0,12,16,0
450,73,1,1,24,1,0
451,0,4,0,21,15,0
452,67,3,1,23,1,0
453,1,27,0,15,5,0
454,0,10,0,15,2,0
455,57,3,1,18,4,0
456,3,16,0,20,2,0
457,0,14,0,20,2,0
458,4,16,0,15,3,0
459,4,4,0,18,7,0
460,3,22,0,21,13,0
461,2,25,0,12,15,0
462,58,0,1,6,2,0
463,44,3,1,23,4,0
464,63,3,1,5,3,0
465,0,7,0,20,6,0
466,2,32,0,12,16,0
467,3,22,0,12,5,0
468,1,29,0,13,13,0
469,71,3,1,7,4,0
470,80,1,1,18,0,0
471,66,3,1,12,0,0
472,3,0,0,13,2,0
473,4,39,0,17,6,0
474,0,14,0,21,15,0
475,4,33,0,17,17,0
476,3,15,0,11,11,0
477,3,15,0,12,13,0
478,69,3,1,11,1,0
479,2,31,0,21,4,0
480,43,2,1,14,2,0
481,2,2,0,21,8,0
482,1,17,0,20,11,0
483,3,27,0,21,19,0
484,3,25,0,15,5,0
485,0,32,0,21,14,0
486,71,4,1,13,5,0
487,2,10,0,20,8,0
488,59,0,1,21,4,0
489,48,0,1,12,3,0
490,53,0,1,8,2,0
491,62,3,1,16,1,0
492,43,4,1,5,3,0
493,41,3,1,8,1,0
494,66,0,1,7,0,0
495,0,27,0,13,14,0
496,74,2,1,7,0,0
497,1,38,0,12,15,0
498,2,27,0,20,14,0
499,43,2,1,7,4,0
500,0,8,0,18,6,0
501,60,4,1,18,0,0
502,3,6,0,18,5,0
503,69,0,1,7,5,0
504,0,22,0,19,13,0
505,42,1,1,12,2,0
506,0,3,0,20,2,0
507,4,32,0,21,2,0
508,60,3,1,24,5,0
509,4,32,0,18,4,0
510,46,1,1,21,3,0
511,77,1,1,22,0,0
512,0,37,0,13,12,0
513,4,4,0,13,18,0
514,0,8,0,20,13,0
515,61,3,1,20,5,0
516,42,2,1,3,0,0
517,4,15,0,17,2,0
518,1,6,0,20,2,0
519,53,3,1,17,4,0
520,80,3,1,23,3,0
521,0,21,0,20,14,0
522,3,18,0,11,8,0
523,3,30,0,18,5,0
524,3,38,0,17,14,0
525,67,2,1,16,1,0
526,60,3,1,18,1,0
527,69,1,1,5,0,0
528,1,11,0,17,11,0
529,4,14,0,20,16,0
530,3,30,0,13,13,0
531,71,1,1,7,1,0
532,1,38,0,18,8,0
533,43,3,1,7,2,0
534,2,23,0,18,15,0
535,1,26,0,11,6,0
536,45,2,1,24,4,0
537,1,16,0,15,8,0
538,44,1,1,19,2,0
539,4,35,0,19,11,0
540,61,3,1,24,3,0
541,63,1,1,19,2,0
542,3,32,0,13,10,0
543,0,30,0,17,15,0
544,76,3,1,4,1,0
545,79,3,1,17,4,0
546,2,4,0,21,0,0
547,2,0,0,15,17,0
548,47,3,1,13,5,0
549,0,32,0,15,11,0
550,73,4,1,6,2,0
551,47,3,1,16,3,0
552,0,14,0,13,16,0
553,1,23,0,17,9,0
554,62,0,1,7,0,0
555,0,20,0,21,4,0
556,2,17,0,11,4,0
557,56,0,1,24,5,0
558,0,40,0,15,1,0
559,3,33,0,13,3,0
560,4,16,0,20,18,0
561,3,7,0,17,3,0
562,2,10,0,15,5,0
563,79,3,1,3,4,0
564,54,1,1,20,5,0
565,2,15,0,21,4,0
566,42,4,1,21,2,0
567,4,31,0,15,5,0
568,0,37,0,21,0,0
569,74,0,1,8,2,0
570,73,1,1,20,2,0
571,3,22,0,17,1,0
572,73,1,1,23,1,0
573,3,24,0,13,19,0
574,2,5,0,20,6,0
575,57,4,1,9,5,0
576,72,1,1,9,5,0
577,2,4,0,20,11,0
578,4,27,0,19,7,0
579,3,8,0,17,2,0
580,4,16,0,19,2,0
581,68,1,1,9,1,0
582,1,23,0,20,0,0
583,3,40,0,12,16,0
584,63,2,1,11,0,0
585,70,4,1,4,4,0
586,0,35,0,12,18,0
587,3,24,0,12,17,0
588,2,24,0,17,15,0
589,4,10,0,11,11,0
590,50,2,1,6,1,0
591,53,3,1,4,0,0
592,0,2,0,18,6,0
593,0,18,0,19,16,0
594,4,40,0,18,6,0
595,68,0,1,2,1,0
596,56,3,1,17,3,0
597,63,4,1,2,3,0
598,0,4,0,12,15,0
599,80,1,1,5,5,0
600,4,16,0,12,2,0
601,69,1,1,23,1,0
602,3,20,0,20,6,0
603,43,4,1,14,1,0
604,60,1,1,18,3,0
605,2,2,0,11,17,0
606,4,5,0,11,14,0
607,63,3,1,3,1,0
608,3,12,0,18,17,0
609,43,3,1,3,2,0
610,52,2,1,24,0,0
611,3,11,0,12,11,0
612,76,1,1,19,1,0
613,4,13,0,21,13,0
614,1,18,0,15,3,0
615,0,36,0,12,5,0
616,3,19,0,21,5,0
617,4,18,0,11,7,0
618,4,22,0,12,5,0
619,2,19,0,13,3,0
620,50,2,1,6,2,0
621,60,1,1,3,5,0
622,2,12,0,17,5,0
623,1,0,0,15,19,0
624,3,32,0,19,15,0
625,4,35,0,18,9,0
626,58,2,1,17,2,0
627,66,2,1,16,1,0
628,64,0,1,16,1,0
629,0,16,0,21,8,0
630,56,4,1,10,5,0
631,1,30,0,11,4,0
632,0,7,0,11,8,0
633,45,0,1,8,5,0
634,1,3,0,21,12,0
635,2,30,0,15,19,0
636,71,4,1,4,0,0
637,0,30,0,11,19,0
638,1,21,0,15,7,0
639,55,1,1,7,5,0
640,4,17,0,20,1,0
641,4,17,0,17,10,0
642,79,0,1,16,2,0
643,68,2,1,3,1,0
644,4,15,0,21,3,0
645,73,2,1,2,1,0
646,43,3,1,9,2,0
647,62,3,1,10,2,0
648,78,3,1,20,1,0
649,41,0,1,22,2,0
650,68,2,1,14,0,0
651,0,0,0,20,14,0
652,1,19,0,21,3,0
653,2,31,0,12,2,0
654,1,25,0,15,3,0
655,43,3,1,21,5,0
656,51,1,1,14,3,0
657,2,32,0,12,2,0
658,0,29,0,18,1,0
659,44,1,1,6,3,0
660,4,29,0,17,4,0
661,53,4,1,8,4,0
662,63,3,1,21,5,0
663,62,3,1,14,1,0
664,4,26,0,17,16,0
665,4,27,0,20,7,0
666,3,37,0,11,2,0
667,50,1,1,20,1,0
668,60,1,1,20,5,0
669,0,31,0,11,7,0
670,0,23,0,13,0,0
671,4,7,0,18,5,0
672,62,0,1,23,4,0
673,74,2,1,21,5,0
674,0,12,0,18,19,0
675,80,0,1,10,2,0
676,1,25,0,11,5,0
677,47,0,1,18,5,0
678,2,17,0,15,15,0
679,4,25,0,12,5,0
680,49,0,1,14,0,0
681,0,6,0,21,14,0
682,54,2,1,22,4,0
683,75,2,1,15,0,0
684,2,16,0,18,11,0
685,74,1,1,21,4,0
686,4,18,0,19,6,0
687,2,7,0,12,15,0
688,71,3,1,7,1,0
689,2,10,0,13,15,0
690,4,1,0,21,7,0
691,53,3,1,9,0,0
692,0,12,0,13,6,0
693,78,3,1,15,1,0
694,46,3,1,12,0,0
695,2,9,0,18,11,0
696,80,1,1,18,4,0
697,60,4,1,24,2,0
698,73,0,1,14,4,0
699,2,32,0,18,15,0
700,77,3,1,15,0,0
701,1,39,0,18,5,0
702,3,28,0,19,17,0
703,53,1,1,2,0,0
704,64,3,1,5,2,0
705,59,0,1,21,1,0
706,4,19,0,13,11,0
707,75,1,1,6,5,0
708,55,1,1,21,4,0
709,3,20,0,20,4,0
710,45,0,1,19,5,0
711,2,27,0,17,5,0
712,2,36,0,20,3,0
713,2,22,0,12,14,0
714,77,4,1,21,4,0
715,76,0,1,13,1,0
716,3,20,0,21,3,0
717,49,4,1,11,0,0
718,2,20,0,18,6,0
719,56,0,1,5,4,0
720,0,21,0,20,18,0
721,0,13,0,17,17,0
722,51,4,1,21,1,0
723,3,8,0,11,6,0
724,71,2,1,5,5,0
725,0,40,0,12,11,0
726,4,3,0,18,7,0
727,0,14,0,13,17,0
728,47,1,1,24,2,0
729,75,3,1,11,1,0
730,56,4,1,4,4,0
731,1,7,0,19,17,0
732,63,1,1,3,0,0
733,51,3,1,20,1,0
734,73,2,1,11,2,0
735,0,40,0,20,17,0
736,3,36,0,21,3,0
737,0,16,0,21,2,0
738,3,2,0,15,6,0
739,1,1,0,13,14,0
740,0,23,0,21,7,0
741,1,27,0,12,12,0
742,3,25,0,21,10,0
743,2,5,0,20,11,0
744,54,0,1,22,0,0
745,74,2,1,13,1,0
746,50,1,1,5,3,0
747,42,2,1,14,1,0
748,0,17,0,11,18,0
749,54,2,1,18,4,0
750,55,2,1,23,0,0
751,1,35,0,12,7,0
752,3,29,0,17,3,0
753,59,1,1,17,1,0
754,3,26,0,12,10,0
755,45,3,1,22,5,0
756,4,17,0,21,2,0
757,50,0,1,12,4,0
758,77,1,1,15,2,0
759,71,4,1,10,5,0
760,4,2,0,11,8,0
761,4,10,0,13,16,0
762,77,1,1,8,4,0
763,62,0,1,24,1,0
764,41,2,1,21,0,0
765,2,4,0,13,11,0
766,67,3,1,10,1,0
767,2,21,0,13,7,0
768,49,0,1,23,3,0
769,1,11,0,11,19,0
770,0,0,0,19,6,0
771,3,4,0,15,14,0
772,3,27,0,19,14,0
773,0,31,0,20,7,0
774,58,2,1,2,4,0
775,1,38,0,12,1,0
776,4,9,0,18,4,0
777,0,11,0,12,12,0
778,3,38,0,15,13,0
779,2,6,0,18,3,0
780,0,33,0,18,16,0
781,3,39,0,17,11,0
782,63,3,1,17,5,0
783,4,1,0,18,10,0
784,1,3,0,15,9,0
785,2,22,0,18,0,0
786,49,0,1,20,1,0
787,1,29,0,15,14,0
788,55,1,1,18,2,0
789,77,3,1,23,1,0
790,1,40,0,21,8,0
791,0,28,0,11,16,0
792,2,6,0,18,0,0
793,72,0,1,17,5,0
794,4,4,0,12,17,0
795,54,3,1,22,3,0
796,3,26,0,11,8,0
797,78,2,1,8,5,0
798,65,1,1,17,5,0
799,2,29,0,15,17,0
800,0,16,0,15,18,0
801,3,17,0,13,2,0
802,1,18,0,19,10,0
803,1,8,0,13,15,0
804,60,0,1,24,0,0
805,4,38,0,19,5,0
806,4,10,0,19,0,0
807,71,4,1,10,3,0
808,53,4,1,5,4,0
809,4,16,0,17,7,0
810,52,4,1,21,4,0
811,3,23,0,11,15,0
812,3,3,0,19,10,0
813,57,4,1,3,3,0
814,49,4,1,13,0,0
815,41,0,1,6,0,0
816,1,4,0,13,5,0
817,0,0,0,20,1,0
818,1,6,0,18,11,0
819,58,1,1,11,3,0
820,66,0,1,15,0,0
821,1,30,0,12,11,0
822,4,26,0,17,3,0
823,62,2,1,15,2,0
824,3,36,0,20,13,0
825,1,37,0,20,11,0
826,58,2,1,10,5,0
827,3,37,0,13,10,0
828,1,27,0,11,19,0
829,2,14,0,18,10,0
830,1,16,0,19,17,0
831,70,3,1,9,3,0
832,0,32,0,15,10,0
833,75,4,1,9,1,0
834,2,9,0,19,13,0
835,2,13,0,15,12,0
836,0,3,0,11,7,0
837,0,3,0,13,15,0
838,52,4,1,23,3,0
839,68,1,1,22,5,0
840,54,0,1,15,5,0
841,1,6,0,18,3,0
842,2,32,0,18,13,0
843,4,38,0,17,19,0
844,4,11,0,17,9,0
845,1,17,0,15,15,0
846,0,12,0,18,6,0
847,58,2,1,14,2,0
848,47,4,1,5,4,0
849,64,1,1,21,1,0
850,55,0,1,7,5,0
851,4,0,0,19,7,0
852,46,4,1,9,3,0
853,2,39,0,20,11,0
854,1,4,0,12,0,0
855,4,33,0,20,10,0
856,1,36,0,13,8,0
857,62,3,1,5,4,0
858,4,34,0,20,12,0
859,48,3,1,17,3,0
860,65,1,1,3,3,0
861,78,4,1,4,5,0
862,45,2,1,16,0,0
863,46,4,1,6,1,0
864,75,3,1,9,2,0
865,52,0,1,10,5,0
866,4,37,0,21,8,0
867,2,35,0,12,9,0
868,58,0,1,7,1,0
869,69,2,1,20,4,0
870,3,18,0,13,9,0
871,4,26,0,12,12,0
872,4,2,0,21,17,0
873,53,1,1,16,3,0
874,0,30,0,13,14,0
875,62,4,1,2,4,0
876,1,1,0,21,6,0
877,49,1,1,9,0,0
878,3,29,0,12,7,0
879,49,2,1,23,2,0
880,54,0,1,18,2,0
881,1,1,0,15,12,0
882,62,0,1,11,0,0
883,43,4,1,15,5,0
884,71,0,1,10,0,0
885,4,33,0,18,5,0
886,46,3,1,22,4,0
887,44,0,1,8,1,0
888,1,25,0,12,10,0
889,78,3,1,3,4,0
890,1,14,0,21,14,0
891,2,31,0,11,6,0
892,59,0,1,6,0,0
893,48,3,1,17,1,0
894,70,1,1,14,3,0
895,69,1,1,14,1,0
896,4,37,0,12,8,0
897,0,3,0,15,4,0
898,44,1,1,24,1,0
899,68,1,1,8,3,0
900,1,37,0,13,15,0
901,73,3,1,17,0,0
902,73,3,1,22,5,0
903,60,1,1,5,2,0
904,42,4,1,23,2,0
905,2,37,0,15,5,0
906,0,2,0,11,11,0
907,4,20,0,21,7,0
908,71,3,1,17,4,0
909,3,12,0,20,3,0
910,71,0,1,3,1,0
911,1,12,0,18,9,0
912,4,21,0,21,13,0
913,4,3,0,21,5,0
914,1,6,0,11,17,0
915,0,3,0,12,2,0
916,49,4,1,7,2,0
917,3,7,0,17,9,0
918,66,3,1,11,1,0
919,4,7,0,11,3,0
920,41,0,1,9,1,0
921,58,3,1,24,2,0
922,0,37,0,20,1,0
923,78,4,1,8,4,0
924,0,23,0,13,3,0
925,64,4,1,7,5,0
926,0,20,0,15,1,0
927,54,0,1,2,3,0
928,70,3,1,19,0,0
929,41,4,1,7,4,0
930,68,4,1,5,2,0
931,48,1,1,6,4,0
932,1,9,0,19,10,0
933,49,4,1,10,3,0
934,0,36,0,13,9,0
935,4,4,0,13,14,0
936,68,0,1,9,2,0
937,1,33,0,21,14,0
938,75,3,1,2,4,0
939,72,1,1,17,2,0
940,0,27,0,11,19,0
941,4,31,0,18,19,0
942,77,2,1,7,3,0
943,4,31,0,12,3,0
944,0,3,0,11,10,0
945,64,3,1,7,4,0
946,67,0,1,10,4,0
947,1,40,0,21,7,0
948,3,25,0,21,3,0
949,55,3,1,20,1,0
950,4,33,0,15,15,0
951,46,4,1,15,2,0
952,64,4,1,2,3,0
953,72,4,1,22,1,0
954,0,28,0,18,18,0
955,2,2,0,13,12,0
956,3,40,0,21,17,0
957,80,4,1,21,3,0
958,63,0,1,22,2,0
959,0,2,0,17,15,0
960,71,2,1,19,0,0
961,3,26,0,15,5,0
962,1,10,0,20,1,0
963,44,0,1,14,3,0
964,55,3,1,12,1,0
965,71,4,1,14,3,0
966,2,23,0,18,12,0
967,79,1,1,8,2,0
968,0,2,0,11,13,0
969,79,4,1,10,1,0
970,1,35,0,20,17,0
971,60,2,1,15,5,0
972,3,29,0,21,2,0
973,62,2,1,6,2,0
974,69,0,1,13,3,0
975,62,3,1,3,0,0
976,1,36,0,13,16,0
977,3,31,0,19,1,0
978,4,27,0,11,13,0
979,73,4,1,13,4,0
980,51,0,1,10,1,0
981,4,32,0,11,11,0
982,1,31,0,18,3,0
983,4,4,0,20,4,0
984,62,2,1,24,2,0
985,2,22,0,12,15,0
986,68,4,1,23,3,0
987,4,20,0,18,17,0
988,0,23,0,12,11,0
989,61,1,1,14,3,0
990,50,2,1,24,3,0
991,2,24,0,11,8,0
992,1,30,0,21,16,0
993,1,36,0,12,6,0
994,59,0,1,12,2,0
995,3,40,0,13,6,0
996,1,32,0,12,3,0
997,0,38,0,12,12,0
998,52,0,1,19,4,0
999,73,4,1,7,5,0
1000,54,4,1,3,4,0
1001,0,39,0,21,2,0
1002,2,18,0,18,17,0
1003,2,9,0,11,9,0
1004,70,0,1,15,3,0
1005,59,0,1,4,1,0
1006,59,2,1,20,2,0
1007,3,28,0,15,5,0
1008,0,36,0,17,0,0
1009,68,3,1,16,4,0
1010,4,0,0,11,5,0
1011,70,4,1,2,1,0
1012,1,19,0,18,12,0
1013,68,1,1,7,1,0
1014,71,4,1,9,4,0
1015,4,18,0,13,12,0
1016,2,21,0,11,12,0
1017,4,8,0,19,4,0
1018,69,0,1,24,2,0
1019,2,36,0,18,7,0
1020,71,4,1,4,1,0
1021,41,0,1,2,5,0
1022,2,3,0,11,19,0
1023,1,12,0,12,6,0
1024,58,4,1,13,2,0
1025,2,16,0,21,17,0
1026,65,0,1,16,4,0
1027,1,40,0,15,16,0
1028,0,22,0,21,7,0
1029,49,4,1,20,3,0
1030,4,9,0,11,15,0
1031,48,3,1,13,1,0
1032,61,4,1,13,2,0
1033,4,12,0,17,13,0
1034,78,0,1,15,3,0
1035,4,33,0,15,8,0
1036,2,11,0,18,7,0
1037,44,4,1,24,2,0
1038,1,22,0,19,6,0
1039,57,4,1,22,1,0
1040,1,26,0,18,19,0
1041,73,0,1,21,0,0
1042,44,2,1,10,1,0
1043,2,0,0,12,0,0
1044,0,4,0,17,13,0
1045,0,37,0,13,9,0
1046,4,35,0,11,19,0
1047,0,5,0,18,2,0
1048,66,4,1,8,3,0
1049,73,0,1,8,0,0
1050,75,4,1,12,4,0
1051,42,2,1,7,4,0
1052,4,18,0,11,5,0
1053,4,14,0,20,3,0
1054,60,1,1,17,2,0
1055,2,21,0,13,1,0
1056,2,4,0,21,3,0
1057,66,2,1,19,4,0
1058,54,1,1,19,1,0
1059,60,2,1,5,3,0
1060,41,0,1,4,1,0
1061,3,34,0,18,17,0
1062,4,20,0,13,15,0
1063,2,0,0,11,8,0
1064,4,31,0,11,17,0
1065,42,0,1,23,4,0
1066,53,2,1,15,2,0
1067,3,26,0,21,10,0
1068,4,21,0,11,14,0
1069,78,0,1,18,5,0
1070,3,23,0,19,0,0
1071,71,0,1,3,2,0
1072,46,2,1,16,3,0
1073,56,1,1,6,0,0
1074,2,28,0,13,8,0
1075,70,0,1,16,1,0
1076,43,1,1,8,2,0
1077,2,35,0,15,15,0
1078,80,0,1,9,5,0
1079,2,7,0,15,1,0
1080,58,4,1,18,2,0
1081,80,4,1,16,5,0
1082,48,4,1,23,4,0
1083,76,3,1,18,2,0
1084,3,8,0,21,3,0
1085,0,25,0,15,14,0
1086,76,2,1,7,4,0
1087,3,13,0,21,2,0
1088,3,22,0,11,16,0
1089,2,40,0,15,2,0
1090,73,1,1,21,5,0
1091,0,34,0,21,10,0
1092,2,1,0,15,1,0
1093,2,32,0,20,19,0
1094,1,37,0,21,0,0
1095,52,3,1,3,3,0
1096,53,3,1,13,0,0
1097,64,0,1,15,4,0
1098,67,4,1,21,1,0
1099,1,13,0,19,1,0
1100,4,8,0,12,3,0
1101,3,0,0,21,8,0
1102,1,18,0,21,2,0
1103,71,4,1,21,1,0
1104,73,4,1,17,1,0
1105,78,3,1,20,1,0
1106,1,0,0,17,5,0
1107,42,3,1,15,2,0
1108,4,37,0,17,13,0
1109,55,4,1,16,3,0
1110,54,3,1,14,2,0
1111,3,4,0,12,2,0
1112,43,3,1,10,4,0
1113,0,23,0,12,14,0
1114,57,3,1,17,0,0
1115,67,4,1,22,4,0
1116,70,1,1,5,2,0
1117,65,1,1,15,0,0
1118,2,24,0,17,3,0
1119,2,0,0,11,14,0
1120,1,6,0,11,16,0
1121,4,33,0,17,14,0
1122,2,36,0,17,16,0
1123,4,0,0,20,4,0
1124,53,3,1,7,5,0
1125,71,3,1,17,1,0
1126,48,2,1,19,5,0
1127,0,0,0,13,1,0
1128,51,3,1,17,4,0
1129,77,2,1,4,4,0
1130,50,2,1,23,2,0
1131,70,3,1,17,3,0
1132,54,0,1,21,1,0
1133,2,9,0,17,6,0
1134,4,40,0,20,17,0
1135,64,4,1,8,0,0
1136,1,26,0,12,12,0
1137,47,4,1,14,5,0
1138,42,2,1,14,4,0
1139,74,0,1,8,1,0
1140,62,3,1,10,3,0
1141,0,9,0,11,2,0
1142,0,36,0,17,3,0
1143,0,39,0,18,6,0
1144,3,0,0,21,13,0
1145,0,3,0,11,4,0
1146,44,1,1,16,3,0
1147,62,3,1,4,2,0
1148,66,1,1,9,4,0
1149,3,29,0,11,8,0
1150,2,11,0,21,2,0
1151,60,0,1,11,3,0
1152,4,26,0,12,0,0
1153,50,1,1,3,2,0
1154,73,0,1,16,4,0
1155,60,3,1,24,0,0
1156,54,2,1,19,1,0
1157,2,31,0,11,3,0
1158,49,1,1,21,5,0
1159,2,4,0,12,5,0
1160,65,3,1,13,1,0
1161,2,35,0,13,5,0
1162,3,14,0,18,1,0
1163,42,2,1,19,4,0
1164,4,5,0,12,9,0
1165,45,2,1,23,5,0
1166,3,20,0,18,18,0
1167,62,4,1,10,4,0
1168,0,3,0,11,13,0
1169,52,1,1,19,0,0
1170,79,2,1,9,5,0
1171,0,7,0,12,15,0
1172,53,4,1,13,3,0
1173,3,5,0,12,17,0
1174,61,0,1,8,3,0
1175,0,7,0,13,12,0
1176,44,0,1,10,1,0
1177,67,1,1,22,0,0
1178,42,3,1,15,2,0
1179,43,1,1,12,2,0
1180,1,21,0,19,3,0
1181,1,4,0,12,13,0
1182,1,30,0,15,9,0
1183,60,4,1,19,5,0
1184,52,3,1,10,5,0
1185,2,8,0,12,19,0
1186,78,3,1,18,2,0
1187,75,3,1,5,1,0
1188,44,0,1,24,1,0
1189,43,0,1,6,2,0
1190,3,38,0,21,14,0
1191,43,3,1,13,4,0
1192,1,27,0,11,14,0
1193,62,0,1,10,0,0
1194,4,40,0,19,12,0
1195,53,1,1,3,4,0
1196,42,2,1,10,5,0
1197,4,16,0,12,14,0
1198,78,0,1,18,5,0
1199,4,35,0,11,15,0
1200,65,4,1,5,3,0
1201,2,9,0,12,3,0
1202,2,32,0,21,1,0
1203,0,12,0,11,14,0
1204,52,0,1,15,5,0
1205,59,4,1,20,0,0
1206,45,1,1,21,5,0
1207,79,3,1,13,1,0
1208,65,0,1,24,1,0
1209,68,2,1,18,2,0
1210,2,39,0,20,11,0
1211,61,0,1,12,2,0
1212,41,0,1,11,0,0
1213,54,4,1,24,2,0
1214,0,40,0,19,6,0
1215,4,17,0,21,12,0
1216,58,3,1,20,4,0
1217,55,3,1,4,3,0
1218,42,2,1,2,1,0
1219,62,2,1,23,1,0
1220,1,28,0,20,2,0
1221,0,33,0,17,2,0
1222,77,2,1,24,3,0
1223,3,29,0,11,5,0
1224,58,2,1,18,5,0
1225,4,17,0,12,15,0
1226,0,23,0,17,5,0
1227,0,5,0,21,13,0
1228,52,4,1,16,4,0
1229,58,2,1,6,0,0
1230,79,1,1,22,5,0
1231,1,40,0,19,19,0
1232,60,0,1,11,5,0
1233,58,0,1,10,2,0
1234,3,23,0,18,14,0
1235,78,4,1,18,0,0
1236,50,4,1,24,4,0
1237,4,19,0,19,4,0
1238,68,0,1,8,0,0
1239,47,3,1,23,1,0
1240,4,15,0,18,0,0
1241,2,12,0,20,14,0
1242,2,1,0,20,10,0
1243,0,40,0,18,1,0
1244,3,17,0,19,2,0
1245,4,15,0,12,11,0
1246,58,0,1,8,0,0
1247,3,34,0,20,3,0
1248,73,2,1,7,5,0
1249,4,22,0,12,17,0
1250,71,3,1,24,1,0
1251,1,13,0,12,1,0
1252,2,10,0,20,4,0
1253,79,4,1,11,5,0
1254,1,35,0,19,10,0
1255,77,2,1,22,2,0
1256,3,8,0,20,9,0
1257,2,22,0,21,10,0
1258,3,29,0,13,18,0
1259,70,4,1,11,4,0
1260,58,2,1,15,3,0
1261,4,35,0,17,14,0
1262,47,0,1,4,3,0
1263,72,0,1,20,4,0
1264,75,3,1,2,1,0
1265,47,3,1,13,4,0
1266,3,0,0,20,2,0
1267,3,4,0,17,13,0
1268,3,35,0,19,8,0
1269,41,2,1,2,0,0
1270,44,2,1,9,4,0
1271,75,0,1,18,4,0
1272,4,15,0,15,14,0
1273,0,11,0,20,12,0
1274,0,31,0,20,5,0
1275,3,40,0,19,0,0
1276,4,19,0,19,12,0
1277,3,34,0,21,4,0
1278,56,0,1,16,5,0
1279,59,3,1,18,1,0
1280,69,3,1,6,1,0
1281,49,3,1,15,2,0
1282,0,39,0,21,18,0
1283,58,1,1,19,1,0
1284,42,0,1,13,1,0
1285,1,25,0,11,13,0
1286,3,1,0,15,10,0
1287,67,2,1,21,1,0
1288,0,27,0,15,14,0
1289,72,4,1,22,2,0
1290,68,1,1,5,5,0
1291,3,15,0,13,9,0
1292,57,0,1,15,1,0
1293,3,24,0,17,18,0
1294,80,4,1,8,0,0
1295,2,5,0,13,12,0
1296,47,3,1,8,4,0
1297,62,1,1,5,1,0
1298,3,4,0,13,4,0
1299,65,4,1,3,4,0
1300,47,3,1,10,4,0
1301,2,30,0,12,13,0
1302,48,3,1,7,3,0
1303,2,40,0,15,14,0
1304,80,4,1,14,0,0
1305,2,12,0,17,12,0
1306,50,1,1,19,1,0
1307,42,0,1,13,2,0
1308,57,4,1,21,0,0
1309,48,4,1,18,5,0
1310,0,23,0,18,14,0
1311,2,40,0,11,7,0
1312,49,3,1,14,0,0
1313,0,21,0,18,5,0
1314,48,1,1,5,5,0
1315,2,5,0,17,12,0
1316,48,4,1,10,0,0
1317,76,1,1,10,2,0
1318,68,1,1,20,5,0
1319,0,33,0,15,11,0
1320,50,4,1,4,0,0
1321,4,32,0,19,19,0
1322,71,0,1,20,2,0
1323,4,22,0,19,10,0
1324,56,1,1,9,2,0
1325,65,0,1,13,0,0
1326,2,36,0,19,5,0
1327,70,2,1,8,5,0
1328,3,7,0,12,11,0
1329,70,2,1,24,2,0
1330,1,10,0,20,8,0
1331,53,3,1,17,3,0
1332,4,33,0,15,4,0
1333,2,28,0,17,18,0
1334,0,2,0,13,8,0
1335,49,2,1,24,1,0
1336,1,26,0,20,1,0
1337,2,31,0,19,9,0
1338,2,12,0,20,5,0
1339,1,23,0,12,6,0
1340,44,0,1,24,2,0
1341,58,0,1,7,1,0
1342,56,2,1,16,2,0
1343,0,17,0,11,9,0
1344,4,7,0,21,11,0
1345,2,8,0,21,2,0
1346,55,3,1,10,4,0
1347,0,13,0,12,6,0
1348,2,28,0,15,18,0
1349,0,29,0,15,19,0
1350,4,30,0,15,11,0
1351,77,1,1,2,2,0
1352,43,1,1,22,3,0
1353,68,0,1,14,5,0
1354,43,4,1,24,3,0
1355,1,0,0,18,19,0
1356,3,28,0,11,11,0
1357,49,4,1,19,0,0
1358,77,2,1,7,2,0
1359,51,3,1,13,2,0
1360,64,0,1,7,5,0
1361,1,3,0,15,15,0
1362,2,32,0,15,5,0
1363,77,2,1,21,1,0
1364,56,1,1,5,1,0
1365,77,2,1,24,0,0
1366,55,1,1,17,0,0
1367,59,2,1,3,2,0
1368,0,8,0,20,6,0
1369,47,4,1,13,3,0
1370,0,6,0,21,10,0
1371,70,2,1,6,1,0
1372,4,34,0,18,2,0
1373,70,2,1,17,2,0
1374,70,4,1,20,1,0
1375,1,25,0,20,8,0
1376,76,3,1,21,5,0
1377,80,4,1,6,4,0
1378,4,6,0,17,1,0
1379,61,2,1,12,0,0
1380,46,3,1,17,0,0
1381,41,1,1,14,3,0
1382,69,3,1,15,0,0
1383,0,16,0,19,12,0
1384,3,13,0,11,6,0
1385,70,4,1,22,2,0
1386,68,2,1,15,1,0
1387,1,7,0,17,16,0
1388,2,40,0,13,6,0
1389,0,12,0,19,1,0
1390,49,2,1,7,5,0
1391,66,1,1,21,0,0
1392,0,33,0,11,16,0
1393,4,35,0,15,7,0
1394,1,12,0,21,5,0
1395,1,34,0,13,15,0
1396,73,1,1,9,1,0
1397,3,40,0,19,14,0
1398,78,4,1,5,5,0
1399,60,0,1,14,2,0
1400,4,2,0,12,0,0
1401,2,10,0,18,18,0
1402,3,19,0,13,1,0
1403,51,2,1,14,0,0
1404,3,23,0,13,4,0
1405,3,29,0,13,16,0
1406,57,2,1,11,0,0
1407,1,33,0,12,9,0
1408,47,1,1,6,1,0
1409,3,15,0,12,7,0
1410,3,13,0,15,9,0
1411,2,37,0,15,19,0
1412,53,4,1,8,0,0
1413,66,3,1,24,5,0
1414,3,39,0,17,14,0
1415,3,8,0,18,7,0
1416,2,28,0,13,4,0
1417,50,0,1,18,0,0
1418,4,23,0,11,8,0
1419,55,4,1,21,3,0
1420,56,2,1,4,0,0
1421,4,31,0,21,13,0
1422,80,3,1,5,2,0
1423,4,24,0,18,9,0
1424,44,0,1,15,1,0
1425,46,4,1,3,4,0
1426,80,2,1,6,4,0
1427,69,3,1,4,3,0
1428,60,2,1,23,3,0
1429,41,3,1,16,5,0
1430,4,1,0,20,14,0
1431,59,1,1,24,3,0
1432,3,10,0,15,17,0
1433,42,2,1,2,3,0
1434,0,37,0,20,7,0
1435,0,19,0,15,17,0
1436,74,1,1,23,0,0
1437,51,3,1,11,4,0
1438,3,27,0,20,12,0
1439,55,0,1,7,1,0
1440,4,29,0,19,3,0
1441,68,4,1,13,0,0
1442,66,2,1,21,2,0
1443,51,0,1,21,5,0
1444,2,10,0,11,7,0
1445,2,8,0,19,3,0
1446,44,2,1,3,1,0
1447,65,0,1,20,5,0
1448,1,23,0,12,8,0
1449,71,1,1,2,0,0
1450,68,1,1,3,0,0
1451,72,0,1,18,1,0
1452,52,0,1,19,4,0
1453,2,10,0,20,17,0
1454,49,4,1,13,1,0
1455,76,3,1,4,0,0
1456,0,13,0,13,15,0
1457,0,40,0,17,19,0
1458,68,0,1,2,5,0
1459,47,1,1,4,4,0
1460,58,2,1,4,2,0
1461,4,11,0,20,19,0
1462,70,1,1,4,1,0
1463,2,27,0,15,11,0
1464,0,22,0,20,3,0
1465,4,10,0,13,6,0
1466,57,1,1,18,3,0
1467,75,0,1,13,1,0
1468,67,1,1,20,5,0
1469,65,2,1,18,4,0
1470,2,5,0,20,19,0
1471,1,14,0,21,4,0
1472,80,4,1,13,4,0
1473,4,25,0,18,9,0
1474,0,39,0,15,19,0
1475,0,28,0,15,4,0
1476,55,3,1,11,4,0
1477,2,19,0,21,1,0
1478,41,1,1,13,1,0
1479,62,2,1,18,4,0
1480,2,37,0,13,16,0
1481,47,0,1,2,4,0
1482,0,33,0,13,15,0
1483,41,3,1,19,2,0
1484,2,34,0,21,2,0
1485,66,2,1,8,0,0
1486,72,0,1,21,4,0
1487,1,39,0,20,15,0
1488,48,3,1,5,2,0
1489,45,3,1,17,5,0
1490,56,3,1,7,0,0
1491,70,1,1,9,2,0
1492,44,0,1,19,5,0
1493,0,31,0,17,9,0
1494,3,9,0,21,17,0
1495,3,20,0,13,4,0
1496,47,0,1,13,2,0
1497,3,34,0,11,3,0
1498,45,1,1,15,1,0
1499,3,12,0,13,14,0
1500,78,2,1,4,0,0
1501,52,0,1,3,3,0
1502,71,2,1,7,0,0
1503,63,0,1,15,1,0
1504,1,6,0,15,0,0
1505,48,1,1,2,2,0
1506,0,33,0,18,1,0
1507,2,26,0,17,15,0
1508,0,2,0,20,8,0
1509,68,1,1,16,2,0
1510,49,3,1,16,0,0
1511,1,22,0,15,14,0
1512,3,22,0,13,13,0
1513,60,4,1,18,3,0
1514,4,31,0,12,7,0
1515,0,29,0,17,2,0
1516,3,13,0,19,5,0
1517,47,1,1,9,4,0
1518,70,4,1,14,3,0
1519,4,10,0,13,4,0
1520,4,18,0,11,19,0
1521,3,8,0,18,9,0
1522,51,1,1,15,1,0
1523,80,4,1,9,5,0
1524,4,27,0,17,6,0
1525,61,0,1,15,3,0
1526,77,4,1,12,3,0
1527,79,1,1,24,3,0
1528,76,3,1,24,0,0
1529,2,28,0,19,15,0
1530,0,34,0,20,11,0
1531,2,33,0,21,0,0
1532,2,15,0,19,3,0
1533,68,1,1,3,0,0
1534,3,27,0,13,3,0
1535,59,0,1,4,3,0
1536,42,1,1,11,3,0
1537,80,0,1,12,5,0
1538,50,4,1,5,3,0
1539,58,1,1,3,4,0
1540,4,31,0,12,12,0
1541,0,7,0,19,15,0
1542,42,2,1,15,5,0
1543,1,38,0,19,6,0
1544,4,28,0,11,3,0
1545,4,37,0,15,12,0
1546,75,2,1,3,1,0
1547,2,32,0,15,12,0
1548,49,3,1,2,5,0
1549,70,3,1,24,3,0
1550,42,3,1,6,4,0
1551,4,12,0,21,1,0
1552,68,3,1,15,1,0
1553,60,4,1,7,5,0
1554,1,34,0,15,2,0
1555,53,2,1,21,4,0
1556,0,10,0,17,13,0
1557,4,4,0,18,18,0
1558,52,0,1,22,3,0
1559,60,4,1,15,1,0
1560,71,2,1,4,1,0
1561,70,0,1,15,4,0
1562,49,0,1,5,3,0
1563,42,0,1,8,3,0
1564,62,3,1,21,1,0
1565,67,4,1,17,1,0
1566,3,12,0,20,7,0
1567,48,4,1,8,0,0
1568,68,3,1,17,5,0
1569,75,3,1,22,4,0
1570,65,4,1,15,5,0
1571,59,0,1,24,0,0
1572,64,0,1,4,2,0
1573,41,1,1,19,4,0
1574,58,0,1,3,5,0
1575,4,14,0,19,17,0
1576,0,37,0,21,1,0
1577,57,4,1,21,0,0
1578,3,5,0,20,18,0
1579,54,0,1,10,3,0
1580,1,11,0,12,10,0
1581,63,0,1,4,0,0
1582,0,36,0,11,11,0
1583,68,3,1,12,1,0
1584,4,5,0,12,16,0
1585,3,40,0,13,18,0
1586,66,0,1,3,3,0
1587,0,22,0,20,16,0
1588,2,34,0,11,17,0
1589,73,2,1,7,0,0
1590,4,2,0,15,2,0
1591,71,1,1,20,5,0
1592,76,1,1,23,4,0
1593,0,25,0,17,6,0
1594,0,2,0,19,17,0
1595,52,1,1,11,0,0
1596,47,4,1,14,4,0
1597,4,20,0,15,7,0
1598,2,34,0,12,15,0
1599,3,30,0,12,19,0
1600,53,2,1,4,4,0
1601,63,0,1,13,5,0
1602,45,2,1,17,1,0
1603,64,0,1,13,2,0
1604,4,10,0,17,19,0
1605,62,4,1,15,4,0
1606,60,0,1,4,2,0
1607,2,39,0,12,2,0
1608,45,4,1,2,3,0
1609,4,14,0,18,18,0
1610,78,0,1,7,3,0
1611,46,1,1,15,3,0
1612,52,0,1,2,2,0
1613,3,28,0,17,0,0
1614,63,0,1,2,1,0
1615,78,4,1,7,3,0
1616,51,1,1,3,1,0
1617,80,2,1,21,1,0
1618,62,4,1,20,5,0
1619,66,4,1,22,1,0
1620,2,1,0,11,2,0
1621,73,0,1,6,2,0
1622,1,3,0,18,0,0
1623,72,4,1,19,1,0
1624,0,10,0,12,15,0
1625,61,1,1,23,2,0
1626,1,11,0,11,16,0
1627,0,6,0,19,16,0
1628,42,1,1,21,4,0
1629,80,3,1,20,4,0
1630,59,0,1,4,2,0
1631,48,3,1,7,1,0
1632,1,36,0,12,0,0
1633,64,0,1,11,0,0
1634,54,1,1,19,3,0
1635,4,22,0,15,4,0
1636,41,3,1,15,4,0
1637,49,3,1,8,1,0
1638,0,11,0,19,15,0
1639,50,3,1,22,5,0
1640,0,3,0,11,15,0
1641,78,2,1,22,0,0
1642,3,9,0,11,1,0
1643,4,22,0,11,2,0
1644,76,2,1,17,2,0
1645,77,2,1,14,2,0
1646,61,0,1,6,0,0
1647,3,33,0,21,17,0
1648,1,29,0,15,4,0
1649,80,1,1,6,3,0
1650,63,1,1,15,1,0
1651,66,3,1,20,4,0
1652,2,12,0,12,5,0
1653,52,3,1,6,1,0
1654,3,32,0,17,12,0
1655,49,1,1,13,3,0
1656,78,3,1,18,4,0
1657,4,16,0,15,17,0
1658,45,4,1,10,2,0
1659,48,4,1,3,4,0
1660,46,3,1,17,4,0
1661,3,1,0,18,12,0
1662,51,1,1,17,4,0
1663,70,3,1,6,0,0
1664,4,26,0,20,19,0
1665,70,3,1,19,2,0
1666,49,4,1,15,0,0
1667,57,1,1,12,5,0
1668,0,37,0,13,9,0
1669,2,8,0,12,17,0
1670,4,38,0,19,10,0
1671,3,26,0,21,8,0
1672,2,35,0,19,8,0
1673,4,3,0,21,1,0
1674,73,3,1,16,3,0
1675,0,0,0,21,5,0
1676,4,5,0,19,13,0
1677,49,3,1,20,4,0
1678,69,1,1,19,3,0
1679,3,20,0,12,19,0
1680,0,8,0,19,12,0
1681,2,19,0,11,10,0
1682,67,0,1,9,4,0
1683,4,18,0,15,14,0
1684,66,4,1,13,0,0
1685,0,30,0,15,3,0
1686,2,35,0,11,10,0
1687,73,4,1,19,4,0
1688,4,36,0,19,17,0
1689,57,1,1,11,5,0
1690,79,3,1,8,4,0
1691,0,25,0,13,2,0
1692,1,5,0,18,7,0
1693,56,0,1,13,5,0
1694,3,24,0,12,11,0
1695,53,4,1,19,1,0
1696,2,33,0,11,14,0
1697,1,39,0,12,16,0
1698,0,8,0,21,17,0
1699,0,17,0,11,6,0
1700,49,2,1,13,3,0
1701,1,12,0,13,13,0
1702,65,2,1,24,4,0
1703,3,29,0,19,14,0
1704,53,0,1,9,2,0
1705,56,4,1,3,5,0
1706,66,3,1,11,0,0
1707,4,19,0,20,10,0
1708,54,4,1,15,2,0
1709,3,36,0,17,7,0
1710,4,26,0,12,3,0
1711,0,2,0,18,14,0
1712,4,33,0,20,11,0
1713,2,16,0,21,3,0
1714,68,3,1,17,2,0
1715,56,1,1,13,1,0
1716,71,0,1,5,2,0
1717,67,4,1,6,0,0
1718,73,2,1,12,2,0
1719,1,20,0,20,7,0
1720,3,23,0,15,10,0
1721,2,4,0,11,3,0
1722,2,37,0,15,9,0
1723,57,4,1,15,4,0
1724,1,5,0,13,19,0
1725,46,2,1,5,1,0
1726,4,23,0,21,15,0
1727,64,1,1,10,5,0
1728,1,34,0,18,7,0
1729,0,35,0,17,6,0
1730,52,0,1,6,5,0
1731,1,30,0,12,18,0
1732,3,15,0,11,18,0
1733,70,1,1,20,3,0
1734,71,4,1,13,4,0
1735,0,25,0,18,3,0
1736,73,0,1,7,4,0
1737,53,0,1,9,1,0
1738,50,3,1,11,3,0
1739,59,1,1,22,3,0
1740,59,4,1,19,0,0
1741,1,30,0,20,5,0
1742,4,4,0,21,10,0
1743,43,3,1,5,2,0
1744,73,2,1,13,5,0
1745,80,4,1,13,3,0
1746,4,19,0,12,10,0
1747,48,0,1,21,2,0
1748,65,1,1,13,2,0
1749,54,4,1,22,2,0
1750,64,1,1,7,3,0
1751,2,25,0,21,0,0
1752,65,3,1,12,5,0
1753,75,4,1,11,3,0
1754,66,3,1,5,3,0
1755,63,1,1,17,5,0
1756,1,12,0,20,16,0
1757,0,9,0,20,0,0
1758,4,11,0,19,15,0
1759,56,4,1,7,3,0
1760,62,1,1,4,5,0
1761,0,20,0,21,9,0
1762,79,3,1,4,2,0
1763,74,3,1,3,1,0
1764,46,3,1,10,3,0
1765,66,0,1,9,3,0
1766,68,4,1,4,5,0
1767,56,4,1,15,3,0
1768,69,0,1,2,3,0
1769,49,3,1,8,5,0
1770,42,3,1,20,5,0
1771,3,18,0,11,19,0
1772,1,31,0,13,1,0
1773,1,24,0,13,14,0
1774,42,2,1,16,3,0
1775,3,22,0,13,0,0
1776,1,27,0,21,7,0
1777,71,3,1,7,4,0
1778,0,8,0,18,1,0
1779,44,2,1,14,4,0
1780,72,3,1,10,5,0
1781,4,15,0,19,17,0
1782,0,18,0,17,1,0
1783,45,2,1,14,5,0
1784,61,2,1,9,4,0
1785,4,30,0,18,17,0
1786,1,5,0,15,8,0
1787,2,22,0,12,0,0
1788,46,0,1,18,4,0
1789,45,3,1,10,5,0
1790,57,1,1,10,4,0
1791,55,3,1,9,0,0
1792,74,0,1,5,2,0
1793,55,1,1,3,3,0
1794,3,34,0,18,8,0
1795,1,7,0,13,10,0
1796,2,4,0,20,9,0
1797,78,4,1,22,5,0
1798,1,23,0,12,3,0
1799,4,37,0,20,11,0
1800,2,12,0,17,2,0
1801,1,13,0,13,8,0
1802,55,2,1,14,4,0
1803,55,1,1,22,5,0
1804,46,2,1,8,0,0
1805,3,21,0,15,6,0
1806,54,2,1,23,1,0
1807,63,3,1,9,3,0
1808,78,0,1,17,2,0
1809,71,2,1,13,2,0
1810,73,0,1,24,0,0
1811,0,21,0,19,6,0
1812,2,21,0,20,18,0
1813,51,4,1,20,2,0
1814,70,3,1,6,1,0
1815,1,33,0,19,4,0
1816,3,33,0,11,14,0
1817,3,40,0,19,7,0
1818,78,4,1,10,2,0
1819,2,22,0,18,3,0
1820,46,0,1,12,2,0
1821,59,1,1,12,5,0
1822,2,21,0,12,18,0
1823,3,24,0,20,3,0
1824,50,0,1,16,3,0
1825,2,11,0,18,4,0
1826,4,22,0,18,11,0
1827,45,3,1,11,2,0
1828,0,25,0,20,12,0
1829,49,4,1,19,5,0
1830,46,0,1,20,0,0
1831,3,19,0,20,13,0
1832,56,1,1,17,4,0
1833,59,0,1,11,2,0
1834,53,0,1,9,5,0
1835,58,0,1,18,4,0
1836,79,2,1,17,5,0
1837,56,4,1,11,0,0
1838,48,2,1,22,3,0
1839,0,14,0,12,8,0
1840,4,29,0,15,10,0
1841,3,20,0,11,6,0
1842,55,1,1,14,2,0
1843,78,2,1,22,2,0
1844,61,0,1,17,0,0
1845,59,1,1,3,4,0
1846,52,2,1,10,3,0
1847,45,1,1,23,4,0
1848,65,1,1,6,4,0
1849,59,3,1,20,1,0
1850,42,1,1,12,3,0
1851,53,1,1,17,4,0
1852,3,16,0,18,11,0
1853,2,33,0,18,13,0
1854,2,29,0,17,19,0
1855,69,0,1,13,4,0
1856,41,0,1,16,3,0
1857,3,0,0,18,6,0
1858,3,33,0,20,9,0
1859,63,4,1,22,5,0
1860,1,17,0,20,8,0
1861,0,5,0,17,0,0
1862,1,5,0,13,5,0
1863,68,0,1,16,2,0
1864,79,3,1,4,0,0
1865,41,2,1,3,0,0
1866,2,35,0,18,11,0
1867,46,0,1,23,3,0
1868,55,2,1,22,4,0
1869,58,1,1,8,1,0
1870,59,4,1,23,0,0
1871,1,19,0,19,16,0
1872,3,10,0,19,11,0
1873,4,37,0,11,12,0
1874,1,11,0,12,18,0
1875,73,1,1,4,4,0
1876,76,4,1,22,5,0
1877,58,1,1,15,1,0
1878,3,38,0,21,14,0
1879,72,1,1,18,3,0
1880,1,3,0,21,17,0
1881,3,6,0,20,0,0
1882,1,31,0,17,0,0
1883,42,4,1,3,4,0
1884,50,1,1,4,0,0
1885,47,4,1,17,0,0
1886,1,3,0,17,18,0
1887,63,4,1,3,5,0
1888,4,35,0,13,4,0
1889,79,2,1,20,0,0
1890,58,2,1,6,5,0
1891,79,4,1,15,0,0
1892,0,17,0,18,4,0
1893,3,36,0,17,7,0
1894,58,0,1,2,1,0
1895,56,1,1,2,5,0
1896,59,1,1,6,0,0
1897,0,38,0,19,7,0
1898,1,22,0,17,9,0
1899,60,1,1,21,2,0
1900,1,20,0,19,7,0
1901,62,3,1,21,3,0
1902,80,2,1,15,5,0
1903,4,0,0,21,9,0
1904,76,3,1,17,5,0
1905,2,8,0,19,6,0
1906,61,3,1,10,0,0
1907,4,38,0,17,9,0
1908,2,19,0,19,17,0
1909,4,30,0,17,16,0
1910,1,18,0,13,11,0
1911,55,0,1,10,5,0
1912,74,4,1,17,1,0
1913,2,23,0,19,13,0
1914,1,26,0,13,17,0
1915,60,2,1,13,1,0
1916,0,3,0,18,17,0
1917,2,23,0,18,7,0
1918,48,0,1,19,4,0
1919,2,34,0,17,15,0
1920,2,28,0,21,12,0
1921,2,38,0,20,7,0
1922,0,9,0,12,10,0
1923,2,30,0,12,6,0
1924,41,0,1,2,3,0
1925,0,4,0,21,4,0
1926,52,0,1,6,4,0
1927,62,4,1,16,3,0
1928,42,0,1,9,0,0
1929,76,4,1,10,1,0
1930,0,23,0,13,6,0
1931,4,9,0,15,11,0
1932,67,1,1,9,0,0
1933,0,35,0,12,6,0
1934,0,23,0,13,1,0
1935,45,4,1,16,1,0
1936,45,1,1,4,4,0
1937,47,3,1,3,1,0
1938,50,2,1,24,5,0
1939,61,4,1,22,2,0
1940,74,2,1,22,0,0
1941,0,17,0,12,10,0
1942,48,0,1,11,4,0
1943,4,39,0,21,1,0
1944,2,24,0,13,16,0
1945,51,0,1,10,0,0
1946,55,2,1,23,2,0
1947,2,12,0,17,18,0
1948,3,8,0,15,16,0
1949,4,30,0,19,9,0
1950,63,2,1,2,5,0
1951,2,23,0,18,0,0
1952,2,25,0,20,12,0
1953,3,35,0,21,15,0
1954,49,0,1,17,0,0
1955,80,4,1,7,5,0
1956,42,0,1,7,5,0
1957,73,4,1,21,2,0
1958,79,0,1,5,5,0
1959,45,2,1,19,5,0
1960,2,34,0,12,13,0
1961,73,2,1,5,0,0
1962,61,0,1,17,3,0
1963,45,0,1,14,5,0
1964,73,0,1,14,0,0
1965,0,30,0,18,9,0
1966,2,4,0,11,2,0
1967,0,4,0,21,13,0
1968,78,0,1,3,4,0
1969,53,4,1,5,3,0
1970,1,32,0,13,1,0
1971,0,22,0,17,8,0
1972,62,2,1,5,4,0
1973,0,25,0,17,14,0
1974,66,0,1,11,1,0
1975,4,25,0,19,0,0
1976,0,22,0,11,4,0
1977,3,34,0,19,5,0
1978,0,36,0,18,13,0
1979,1,0,0,17,5,0
1980,66,0,1,23,2,0
1981,80,2,1,6,1,0
1982,55,3,1,11,0,0
1983,51,0,1,5,1,0
1984,63,0,1,14,4,0
1985,75,4,1,13,5,0
1986,4,40,0,18,16,0
1987,78,3,1,14,4,0
1988,3,30,0,12,14,0
1989,61,4,1,8,5,0
1990,2,30,0,11,6,0
1991,61,2,1,10,3,0
1992,2,13,0,21,8,0
1993,50,4,1,15,4,0
1994,65,3,1,22,0,0
1995,44,0,1,17,2,0
1996,68,2,1,9,0,0
1997,41,2,1,22,1,0
1998,60,2,1,13,2,0
1999,4,38,0,20,13,0
2000,1,27,0,12,7,0
2001,59,4,1,9,4,0
2002,45,1,1,15,4,0
2003,44,1,1,23,2,0
2004,1,10,0,11,18,0
2005,70,3,1,10,2,0
2006,41,3,1,15,1,0
2007,53,0,1,24,3,0
2008,2,0,0,15,7,0
2009,1,7,0,20,4,0
2010,4,5,0,20,0,0
2011,0,28,0,19,9,0
2012,50,2,1,5,4,0
2013,1,35,0,11,6,0
2014,47,4,1,8,3,0
2015,49,4,1,4,4,0
2016,2,31,0,13,17,0
2017,4,17,0,13,0,0
2018,2,30,0,12,2,0
2019,1,24,0,21,14,0
2020,59,1,1,14,5,0
2021,4,11,0,18,12,0
2022,44,2,1,9,5,0
2023,49,1,1,3,4,0
2024,2,23,0,13,1,0
2025,63,1,1,22,2,0
2026,50,3,1,23,5,0
2027,76,2,1,23,4,0
2028,75,2,1,13,0,0
2029,1,13,0,15,0,0
2030,4,32,0,19,10,0
2031,1,29,0,15,1,0
2032,55,1,1,2,5,0
2033,3,35,0,18,15,0
2034,61,4,1,14,2,0
2035,4,19,0,13,13,0
2036,1,35,0,20,11,0
2037,74,2,1,8,0,0
2038,69,3,1,2,0,0
2039,42,0,1,18,0,0
2040,1,6,0,17,18,0
2041,3,4,0,19,2,0
2042,2,26,0,17,16,0
2043,3,5,0,20,5,0
2044,1,11,0,20,19,0
2045,0,25,0,20,11,0
2046,2,28,0,18,5,0
2047,1,33,0,12,2,0
2048,65,3,1,20,1,0
2049,72,4,1,22,4,0
2050,49,2,1,20,4,0
2051,63,2,1,6,2,0
2052,1,29,0,21,4,0
2053,42,4,1,13,3,0
2054,56,0,1,6,2,0
2055,59,4,1,8,1,0
2056,79,4,1,17,5,0
2057,46,2,1,22,1,0
2058,3,21,0,15,8,0
2059,63,3,1,4,4,0
2060,77,4,1,3,0,0
2061,4,3,0,20,8,0
2062,3,0,0,15,14,0
2063,62,4,1,17,3,0
2064,53,3,1,5,2,0
2065,60,0,1,6,0,0
2066,47,0,1,17,2,0
2067,76,0,1,9,2,0
2068,2,10,0,13,4,0
2069,3,9,0,11,8,0
2070,80,0,1,9,1,0
2071,1,12,0,11,4,0
2072,3,39,0,17,14,0
2073,4,27,0,21,0,0
2074,1,26,0,21,7,0
2075,56,2,1,3,1,0
2076,3,35,0,12,12,0
2077,2,32,0,21,5,0
2078,4,14,0,13,7,0
2079,50,3,1,8,3,0
2080,64,3,1,3,4,0
2081,69,3,1,24,0,0
2082,1,28,0,17,8,0
2083,2,24,0,12,4,0
2084,3,25,0,11,3,0
2085,72,0,1,4,2,0
2086,3,29,0,19,16,0
2087,1,17,0,21,7,0
2088,1,30,0,17,6,0
2089,2,39,0,19,4,0
2090,78,2,1,12,4,0
2091,1,29,0,11,3,0
2092,60,3,1,8,4,0
2093,1,9,0,21,18,0
2094,3,29,0,12,14,0
2095,0,16,0,15,12,0
2096,78,2,1,11,3,0
2097,0,40,0,13,9,0
2098,53,4,1,7,3,0
2099,77,1,1,12,3,0
2100,2,8,0,11,16,0
2101,42,3,1,22,1,0
2102,55,0,1,15,0,0
2103,1,17,0,17,10,0
2104,60,1,1,14,2,0
2105,63,1,1,16,3,0
2106,2,27,0,13,17,0
2107,3,23,0,15,12,0
2108,3,23,0,17,2,0
2109,62,0,1,22,2,0
2110,46,3,1,21,4,0
2111,4,36,0,20,19,0
2112,1,32,0,15,7,0
2113,4,40,0,21,2,0
2114,48,0,1,22,4,0
2115,0,4,0,20,16,0
2116,59,0,1,15,2,0
2117,75,1,1,21,4,0
2118,70,0,1,12,4,0
2119,68,4,1,15,2,0
2120,54,4,1,21,3,0
2121,54,1,1,12,1,0
2122,2,2,0,18,1,0
2123,4,14,0,15,18,0
2124,46,2,1,9,0,0
2125,1,38,0,20,5,0
2126,58,3,1,17,0,0
2127,52,3,1,18,1,0
2128,41,3,1,7,4,0
2129,1,8,0,15,3,0
2130,60,3,1,6,3,0
2131,76,3,1,6,0,0
2132,2,25,0,12,16,0
2133,44,2,1,14,4,0
2134,77,3,1,17,1,0
2135,1,25,0,20,1,0
2136,4,7,0,19,8,0
2137,78,0,1,10,2,0
2138,70,1,1,5,5,0
2139,72,3,1,7,2,0
2140,70,2,1,20,4,0
2141,67,2,1,22,3,0
2142,1,21,0,19,9,0
2143,47,1,1,6,4,0
2144,58,3,1,19,3,0
2145,0,12,0,17,11,0
2146,78,2,1,16,4,0
2147,64,4,1,22,1,0
2148,71,1,1,7,4,0
2149,63,1,1,10,4,0
2150,3,34,0,12,9,0
2151,1,11,0,17,17,0
2152,3,17,0,12,15,0
2153,3,15,0,21,7,0
2154,68,0,1,12,2,0
2155,3,24,0,21,14,0
2156,2,2,0,12,11,0
2157,57,3,1,16,0,0
2158,60,2,1,21,0,0
2159,74,1,1,19,3,0
2160,44,1,1,10,5,0
2161,45,3,1,21,0,0
2162,62,2,1,19,1,0
2163,3,7,0,17,13,0
2164,58,1,1,22,3,0
2165,77,3,1,19,1,0
2166,48,1,1,6,1,0
2167,2,8,0,15,10,0
2168,53,0,1,11,2,0
2169,4,8,0,20,10,0
2170,69,4,1,19,4,0
2171,47,4,1,19,0,0
2172,4,24,0,12,17,0
2173,0,24,0,21,1,0
2174,68,1,1,23,1,0
2175,47,2,1,17,2,0
2176,48,3,1,21,0,0
2177,3,14,0,12,14,0
2178,2,35,0,17,10,0
2179,1,10,0,17,1,0
2180,2,28,0,11,2,0
2181,70,0,1,14,3,0
2182,78,2,1,10,0,0
2183,51,2,1,8,2,0
2184,74,1,1,22,1,0
2185,73,2,1,24,1,0
2186,59,1,1,7,2,0
2187,2,32,0,20,15,0
2188,4,3,0,20,8,0
2189,75,1,1,6,3,0
2190,4,37,0,20,14,0
2191,48,4,1,6,1,0
2192,55,1,1,8,3,0
2193,48,0,1,22,5,0
2194,3,18,0,13,3,0
2195,0,15,0,18,19,0
2196,1,8,0,15,13,0
2197,79,3,1,20,4,0
2198,68,2,1,24,0,0
2199,1,0,0,17,14,0
2200,2,21,0,17,4,0
2201,47,0,1,5,5,0
2202,44,2,1,4,1,0
2203,52,0,1,2,5,0
2204,80,4,1,9,1,0
2205,4,35,0,20,8,0
2206,0,33,0,20,0,0
2207,62,4,1,12,1,0
2208,66,3,1,8,1,0
2209,2,1,0,21,6,0
2210,45,1,1,4,1,0
2211,64,3,1,4,4,0
2212,2,1,0,21,2,0
2213,61,4,1,18,3,0
2214,1,3,0,12,3,0
2215,47,1,1,20,5,0
2216,76,4,1,19,2,0
2217,64,2,1,23,5,0
2218,3,20,0,20,18,0
2219,78,1,1,2,5,0
2220,71,4,1,8,2,0
2221,44,2,1,3,4,0
2222,55,3,1,2,2,0
2223,75,4,1,6,0,0
2224,2,9,0,12,2,0
2225,2,6,0,11,13,0
2226,47,4,1,12,0,0
2227,76,4,1,6,2,0
2228,3,32,0,12,16,0
2229,51,0,1,19,5,0
2230,1,13,0,20,10,0
2231,4,10,0,12,5,0
2232,2,36,0,18,9,0
2233,1,37,0,12,0,0
2234,3,17,0,13,9,0
2235,1,22,0,13,13,0
2236,4,7,0,19,4,0
2237,3,33,0,15,4,0
2238,50,2,1,12,5,0
2239,61,4,1,10,5,0
2240,60,3,1,13,3,0
2241,1,29,0,19,8,0
2242,2,28,0,12,19,0
2243,52,2,1,21,0,0
2244,2,38,0,17,11,0
2245,1,24,0,12,8,0
2246,4,24,0,11,7,0
2247,4,15,0,11,19,0
2248,1,10,0,20,18,0
2249,3,8,0,12,13,0
2250,0,25,0,13,10,0
2251,69,3,1,19,5,0
2252,3,15,0,11,4,0
2253,57,3,1,8,3,0
2254,45,2,1,4,3,0
2255,58,1,1,6,5,0
2256,1,35,0,13,7,0
2257,4,7,0,17,3,0
2258,78,4,1,11,2,0
2259,1,35,0,17,11,0
2260,76,1,1,23,1,0
2261,66,1,1,10,1,0
2262,1,4,0,20,17,0
2263,63,4,1,20,5,0
2264,0,9,0,13,15,0
2265,2,14,0,13,19,0
2266,58,2,1,24,4,0
2267,44,1,1,14,0,0
2268,64,1,1,24,0,0
2269,71,1,1,22,3,0
2270,43,4,1,20,1,0
2271,2,13,0,12,18,0
2272,45,4,1,20,0,0
2273,4,24,0,20,5,0
2274,4,29,0,20,17,0
2275,1,7,0,21,5,0
2276,53,4,1,4,3,0
2277,4,26,0,20,4,0
2278,2,25,0,11,10,0
2279,2,20,0,18,18,0
2280,4,6,0,17,7,0
2281,0,14,0,12,5,0
2282,41,3,1,6,4,0
2283,0,7,0,20,7,0
2284,55,1,1,16,5,0
2285,3,4,0,13,12,0
2286,65,2,1,20,2,0
2287,0,11,0,17,8,0
2288,2,27,0,18,18,0
2289,0,38,0,21,4,0
2290,4,29,0,19,6,0
2291,56,1,1,21,5,0
2292,66,4,1,13,5,0
2293,63,0,1,7,3,0
2294,1,10,0,20,14,0
2295,67,2,1,8,3,0
2296,3,34,0,19,7,0
2297,2,38,0,21,3,0
2298,60,4,1,2,4,0
2299,3,28,0,13,16,0
2300,43,1,1,6,3,0
2301,3,17,0,11,19,0
2302,71,0,1,3,5,0
2303,0,25,0,18,7,0
2304,3,6,0,18,0,0
2305,67,0,1,7,5,0
2306,41,3,1,23,4,0
2307,3,31,0,13,13,0
2308,2,4,0,18,3,0
2309,0,14,0,11,11,0
2310,48,1,1,6,1,0
2311,74,4,1,11,3,0
2312,67,0,1,16,2,0
2313,0,1,0,11,13,0
2314,4,15,0,11,11,0
2315,1,31,0,20,9,0
2316,1,8,0,20,17,0
2317,0,32,0,13,14,0
2318,4,13,0,12,6,0
2319,2,40,0,19,19,0
2320,65,1,1,17,1,0
2321,3,6,0,20,7,0
2322,60,4,1,15,3,0
2323,67,2,1,9,1,0
2324,77,2,1,22,4,0
2325,56,1,1,9,1,0
2326,1,4,0,13,9,0
2327,79,4,1,22,3,0
2328,54,2,1,4,0,0
2329,69,2,1,20,1,0
2330,52,0,1,24,0,0
2331,0,0,0,12,16,0
2332,62,0,1,17,5,0
2333,3,25,0,17,16,0
2334,0,28,0,18,2,0
2335,2,14,0,21,1,0
2336,4,36,0,19,12,0
2337,74,3,1,19,5,0
2338,51,3,1,12,5,0
2339,46,0,1,3,4,0
2340,70,1,1,9,3,0
2341,0,8,0,18,4,0
2342,2,31,0,13,8,0
2343,44,2,1,9,2,0
2344,2,4,0,21,4,0
2345,53,4,1,19,2,0
2346,75,4,1,18,0,0
2347,60,4,1,13,0,0
2348,2,39,0,13,16,0
2349,53,2,1,9,5,0
2350,0,16,0,21,17,0
2351,1,2,0,15,5,0
2352,44,2,1,9,3,0
2353,3,6,0,21,18,0
2354,4,36,0,18,18,0
2355,50,0,1,2,4,0
2356,4,13,0,17,0,0
2357,66,4,1,16,3,0
2358,64,3,1,14,5,0
2359,3,39,0,19,0,0
2360,2,7,0,15,19,0
2361,49,2,1,16,5,0
2362,3,8,0,19,9,0
2363,78,3,1,10,3,0
2364,2,2,0,17,19,0
2365,2,18,0,19,18,0
2366,0,5,0,11,18,0
2367,1,35,0,17,17,0
2368,68,0,1,2,1,0
2369,2,24,0,20,10,0
2370,64,3,1,6,0,0
2371,41,2,1,22,5,0
2372,70,2,1,19,3,0
2373,71,3,1,11,4,0
2374,60,3,1,9,0,0
2375,3,18,0,11,18,0
2376,2,31,0,20,11,0
2377,47,1,1,21,4,0
2378,2,14,0,18,2,0
2379,1,28,0,15,1,0
2380,2,11,0,18,1,0
2381,1,34,0,21,0,0
2382,0,7,0,13,2,0
2383,4,30,0,12,16,0
2384,51,0,1,17,3,0
2385,0,33,0,19,6,0
2386,1,37,0,19,16,0
2387,3,22,0,13,4,0
2388,2,37,0,19,7,0
2389,2,20,0,18,1,0
2390,1,38,0,13,19,0
2391,79,4,1,4,0,0
2392,64,4,1,14,3,0
2393,61,4,1,11,0,0
2394,4,40,0,19,11,0
2395,4,20,0,21,1,0
2396,4,1,0,11,6,0
2397,76,4,1,3,3,0
2398,50,4,1,23,3,0
2399,0,16,0,20,12,0
2400,80,3,1,22,5,0
2401,61,1,1,4,3,0
2402,4,9,0,17,9,0
2403,2,10,0,19,10,0
2404,45,1,1,17,2,0
2405,0,0,0,21,1,0
2406,69,3,1,21,1,0
2407,63,0,1,5,5,0
2408,63,3,1,21,2,0
2409,72,0,1,13,4,0
2410,0,33,0,19,4,0
2411,71,2,1,5,1,0
2412,3,27,0,17,18,0
2413,2,19,0,21,7,0
2414,3,38,0,19,11,0
2415,57,4,1,2,1,0
2416,0,17,0,17,4,0
2417,78,4,1,23,0,0
2418,59,2,1,2,0,0
2419,41,3,1,15,0,0
2420,61,3,1,14,5,0
2421,2,30,0,15,16,0
2422,3,16,0,15,4,0
2423,66,4,1,22,2,0
2424,0,13,0,13,14,0
2425,2,26,0,17,8,0
2426,3,26,0,18,16,0
2427,45,4,1,15,3,0
2428,4,10,0,20,13,0
2429,0,37,0,21,9,0
2430,3,24,0,21,18,0
2431,1,28,0,20,17,0
2432,51,4,1,17,2,0
2433,50,2,1,9,3,0
2434,54,0,1,8,4,0
2435,74,3,1,15,2,0
2436,73,2,1,21,1,0
2437,73,0,1,20,1,0
2438,76,2,1,5,2,0
2439,54,2,1,17,3,0
2440,0,7,0,20,2,0
2441,55,3,1,22,1,0
2442,50,0,1,18,3,0
2443,80,1,1,11,4,0
2444,3,27,0,13,18,0
2445,3,18,0,15,9,0
2446,62,0,1,23,1,0
2447,4,17,0,15,12,0
2448,75,4,1,15,3,0
2449,4,19,0,11,1,0
2450,3,9,0,19,8,0
2451,71,0,1,19,3,0
2452,73,2,1,12,2,0
2453,52,4,1,24,1,0
2454,0,21,0,11,8,0
2455,1,1,0,20,17,0
2456,55,2,1,17,1,0
2457,74,1,1,4,2,0
2458,55,3,1,13,1,0
2459,1,18,0,18,5,0
2460,0,20,0,18,3,0
2461,58,4,1,7,4,0
2462,0,17,0,17,9,0
2463,3,37,0,19,15,0
2464,69,0,1,14,0,0
2465,2,16,0,19,9,0
2466,3,2,0,13,5,0
2467,1,22,0,13,12,0
2468,0,28,0,15,0,0
2469,3,34,0,11,12,0
2470,41,0,1,7,4,0
2471,76,1,1,12,1,0
2472,68,3,1,2,1,0
2473,45,3,1,9,4,0
2474,4,29,0,18,9,0
2475,73,4,1,12,3,0
2476,57,0,1,9,3,0
2477,78,3,1,22,2,0
2478,2,21,0,15,18,0
2479,0,0,0,18,11,0
2480,3,9,0,19,17,0
2481,79,2,1,3,5,0
2482,4,8,0,17,12,0
2483,41,3,1,13,2,0
2484,4,9,0,12,9,0
2485,41,1,1,21,2,0
2486,44,1,1,9,1,0
2487,80,3,1,18,0,0
2488,50,4,1,9,2,0
2489,76,3,1,18,3,0
2490,54,0,1,2,4,0
2491,75,0,1,18,1,0
2492,46,1,1,11,1,0
2493,57,1,1,18,2,0
2494,2,35,0,21,0,0
2495,0,25,0,11,11,0
2496,67,2,1,5,1,0
2497,56,4,1,17,0,0
2498,43,3,1,16,5,0
2499,41,1,1,15,5,0
2500,77,1,1,3,3,0
2501,2,33,0,12,10,0
2502,42,4,1,17,5,0
2503,52,0,1,17,4,0
2504,80,0,1,16,3,0
2505,73,3,1,11,1,0
2506,42,4,1,21,3,0
2507,4,23,0,15,19,0
2508,3,34,0,13,12,0
2509,79,2,1,23,4,0
2510,0,25,0,12,0,0
2511,1,12,0,19,1,0
2512,47,1,1,9,3,0
2513,61,0,1,17,4,0
2514,3,0,0,19,7,0
2515,4,37,0,13,7,0
2516,53,2,1,19,3,0
2517,1,25,0,19,1,0
2518,3,3,0,15,15,0
2519,50,2,1,24,1,0
2520,66,1,1,18,0,0
2521,42,3,1,2,3,0
2522,80,3,1,23,5,0
2523,75,3,1,19,4,0
2524,50,0,1,20,1,0
2525,4,31,0,20,9,0
2526,65,0,1,23,5,0
2527,77,4,1,8,3,0
2528,69,1,1,18,1,0
2529,62,0,1,8,3,0
2530,53,0,1,19,1,0
2531,1,9,0,13,5,0
2532,1,7,0,21,7,0
2533,0,3,0,21,9,0
2534,68,1,1,3,1,0
2535,56,4,1,2,5,0
2536,0,40,0,20,16,0
2537,4,13,0,21,17,0
2538,2,12,0,20,17,0
2539,60,0,1,12,5,0
2540,72,0,1,19,0,0
2541,2,29,0,20,6,0
2542,3,35,0,12,11,0
2543,45,4,1,11,3,0
2544,56,4,1,3,1,0
2545,46,0,1,6,0,0
2546,71,3,1,3,4,0
2547,44,1,1,15,5,0
2548,63,1,1,7,4,0
2549,46,4,1,11,2,0
2550,41,0,1,23,2,0
2551,41,3,1,3,4,0
2552,4,12,0,20,9,0
2553,0,16,0,18,10,0
2554,0,40,0,20,12,0
2555,1,3,0,17,11,0
2556,1,26,0,13,7,0
2557,58,0,1,2,5,0
2558,80,0,1,14,2,0
2559,70,0,1,19,2,0
2560,4,17,0,19,11,0
2561,43,2,1,21,5,0
2562,1,39,0,21,13,0
2563,1,3,0,18,1,0
2564,4,10,0,15,0,0
2565,68,1,1,5,0,0
2566,2,4,0,20,9,0
2567,68,4,1,23,4,0
2568,0,5,0,13,13,0
2569,0,19,0,18,12,0
2570,42,2,1,21,5,0
2571,63,3,1,8,3,0
2572,4,2,0,21,14,0
2573,2,6,0,15,15,0
2574,0,3,0,15,18,0
2575,54,3,1,12,2,0
2576,61,2,1,14,2,0
2577,74,3,1,12,2,0
2578,2,25,0,13,12,0
2579,62,0,1,8,0,0
2580,79,2,1,20,1,0
2581,1,22,0,15,16,0
2582,1,6,0,19,5,0
2583,66,0,1,24,4,0
2584,1,9,0,12,7,0
2585,68,1,1,6,0,0
2586,79,2,1,22,4,0
2587,45,4,1,8,0,0
2588,45,3,1,13,3,0
2589,59,1,1,9,2,0
2590,2,20,0,15,19,0
2591,55,0,1,4,0,0
2592,0,12,0,21,5,0
2593,45,3,1,10,4,0
2594,4,11,0,12,14,0
2595,55,4,1,11,0,0
2596,2,4,0,20,13,0
2597,0,32,0,12,6,0
2598,50,0,1,18,3,0
2599,59,2,1,12,0,0
2600,2,26,0,15,13,0
2601,0,28,0,20,4,0
2602,78,3,1,23,4,0
2603,60,2,1,2,2,0
2604,46,0,1,18,0,0
2605,2,11,0,13,10,0
2606,55,4,1,4,3,0
2607,43,0,1,11,1,0
2608,74,3,1,2,3,0
2609,1,18,0,21,12,0
2610,1,25,0,17,16,0
2611,0,24,0,20,2,0
2612,3,0,0,17,18,0
2613,70,0,1,9,5,0
2614,74,4,1,16,2,0
2615,1,38,0,21,5,0
2616,60,3,1,15,1,0
2617,4,26,0,12,14,0
2618,61,0,1,10,5,0
2619,42,3,1,23,0,0
2620,4,37,0,15,1,0
2621,63,4,1,24,1,0
2622,2,33,0,17,13,0
2623,52,1,1,2,2,0
2624,2,27,0,12,10,0
2625,61,0,1,16,3,0
2626,2,20,0,20,12,0
2627,4,29,0,18,0,0
2628,4,7,0,17,1,0
2629,78,2,1,24,3,0
2630,48,4,1,23,4,0
2631,4,35,0,13,18,0
2632,55,2,1,3,3,0
2633,1,9,0,11,13,0
2634,1,27,0,20,11,0
2635,67,1,1,7,4,0
2636,1,24,0,18,18,0
2637,73,1,1,2,0,0
2638,41,2,1,7,1,0
2639,4,39,0,21,9,0
2640,47,0,1,9,4,0
2641,3,10,0,20,9,0
2642,69,3,1,15,1,0
2643,1,10,0,15,6,0
2644,56,1,1,18,1,0
2645,0,22,0,17,11,0
2646,65,0,1,2,5,0
2647,54,2,1,9,2,0
2648,1,39,0,17,1,0
2649,4,31,0,15,15,0
2650,1,3,0,18,0,0
2651,0,29,0,17,14,0
2652,4,23,0,19,8,0
2653,48,2,1,5,3,0
2654,50,4,1,24,4,0
2655,4,25,0,19,18,0
2656,1,0,0,19,1,0
2657,3,7,0,19,2,0
2658,63,3,1,21,5,0
2659,44,0,1,2,3,0
2660,4,40,0,21,17,0
2661,58,4,1,10,3,0
2662,75,1,1,13,3,0
2663,0,0,0,19,19,0
2664,2,14,0,15,8,0
2665,0,28,0,20,11,0
2666,0,29,0,20,12,0
2667,2,10,0,17,14,0
2668,4,23,0,11,9,0
2669,56,1,1,5,2,0
2670,0,5,0,18,1,0
2671,3,14,0,11,18,0
2672,44,2,1,16,2,0
2673,52,0,1,11,1,0
2674,2,33,0,18,19,0
2675,49,3,1,2,3,0
2676,2,23,0,11,10,0
2677,62,4,1,11,1,0
2678,3,27,0,12,1,0
2679,2,0,0,18,11,0
2680,78,3,1,14,0,0
2681,48,3,1,24,0,0
2682,49,0,1,21,0,0
2683,41,4,1,3,3,0
2684,1,0,0,17,14,0
2685,4,8,0,19,2,0
2686,51,1,1,6,4,0
2687,1,12,0,15,14,0
2688,0,25,0,18,9,0
2689,3,10,0,18,11,0
2690,1,31,0,18,5,0
2691,41,2,1,22,1,0
2692,4,38,0,13,6,0
2693,4,25,0,17,6,0
2694,42,1,1,18,3,0
2695,43,3,1,5,3,0
2696,0,37,0,21,16,0
2697,63,4,1,24,1,0
2698,42,4,1,12,1,0
2699,4,31,0,18,16,0
2700,41,0,1,3,5,0
2701,51,1,1,8,1,0
2702,55,3,1,11,2,0
2703,2,27,0,11,16,0
2704,46,0,1,8,5,0
2705,80,1,1,13,2,0
2706,77,1,1,4,2,0
2707,0,20,0,11,6,0
2708,75,1,1,6,1,0
2709,3,9,0,21,14,0
2710,0,34,0,13,3,0
2711,4,39,0,20,11,0
2712,2,16,0,13,16,0
2713,71,1,1,8,2,0
2714,2,35,0,12,7,0
2715,51,1,1,15,4,0
2716,65,2,1,23,2,0
2717,59,2,1,11,5,0
2718,80,3,1,16,4,0
2719,3,37,0,11,7,0
2720,3,25,0,18,15,0
2721,61,4,1,4,0,0
2722,3,13,0,18,4,0
2723,2,16,0,18,0,0
2724,4,12,0,20,11,0
2725,55,0,1,4,1,0
2726,59,3,1,23,0,0
2727,46,0,1,17,5,0
2728,1,21,0,17,14,0
2729,78,4,1,22,0,0
2730,43,0,1,3,2,0
2731,2,32,0,20,8,0
2732,4,9,0,17,1,0
2733,1,31,0,11,11,0
2734,1,26,0,19,4,0
2735,51,4,1,19,5,0
2736,3,6,0,17,15,0
2737,60,4,1,7,3,0
2738,1,1,0,12,8,0
2739,50,0,1,13,2,0
2740,2,27,0,21,9,0
2741,4,2,0,20,14,0
2742,2,24,0,20,5,0
2743,72,2,1,22,2,0
2744,62,3,1,23,3,0
2745,53,4,1,19,2,0
2746,53,4,1,16,2,0
2747,0,35,0,12,0,0
2748,0,22,0,17,10,0
2749,59,4,1,24,3,0
2750,2,30,0,12,5,0
2751,2,9,0,20,3,0
2752,46,4,1,15,2,0
2753,47,4,1,3,0,0
2754,3,36,0,13,2,0
2755,0,25,0,21,12,0
2756,71,2,1,11,5,0
2757,1,18,0,17,12,0
2758,2,7,0,20,11,0
2759,47,0,1,22,0,0
2760,57,3,1,15,2,0
2761,49,1,1,18,3,0
2762,79,2,1,11,0,0
2763,71,0,1,19,5,0
2764,46,2,1,18,1,0
2765,57,2,1,19,5,0
2766,43,4,1,16,5,0
2767,62,2,1,24,2,0
2768,60,2,1,4,0,0
2769,55,3,1,24,3,0
2770,53,4,1,13,0,0
2771,77,3,1,24,1,0
2772,2,7,0,20,5,0
2773,76,3,1,18,3,0
2774,3,26,0,18,12,0
2775,0,8,0,18,2,0
2776,3,38,0,20,18,0
2777,2,2,0,17,6,0
2778,1,30,0,11,3,0
2779,4,38,0,11,5,0
2780,51,2,1,3,2,0
2781,4,40,0,11,6,0
2782,59,3,1,21,4,0
2783,69,3,1,6,3,0
2784,58,4,1,20,5,0
2785,79,0,1,5,0,0
2786,72,2,1,21,2,0
2787,48,3,1,14,4,0
2788,0,31,0,13,10,0
2789,4,11,0,20,9,0
2790,2,26,0,11,5,0
2791,3,30,0,18,13,0
2792,52,3,1,9,5,0
2793,69,1,1,20,0,0
2794,57,1,1,22,4,0
2795,76,4,1,10,3,0
2796,2,27,0,17,1,0
2797,3,1,0,12,18,0
2798,2,12,0,19,16,0
2799,52,2,1,15,0,0
2800,0,33,0,17,16,0
2801,71,3,1,21,1,0
2802,43,2,1,6,2,0
2803,3,21,0,19,9,0
2804,76,3,1,20,5,0
2805,66,2,1,18,5,0
2806,74,4,1,11,4,0
2807,4,36,0,19,9,0
2808,4,37,0,11,7,0
2809,64,1,1,2,5,0
2810,1,4,0,19,6,0
2811,4,0,0,11,1,0
2812,4,28,0,21,2,0
2813,63,2,1,15,0,0
2814,4,35,0,11,13,0
2815,1,20,0,17,14,0
2816,66,4,1,3,3,0
2817,79,2,1,6,5,0
2818,47,4,1,6,1,0
2819,0,14,0,19,0,0
2820,4,20,0,18,13,0
2821,0,15,0,15,9,0
2822,3,40,0,12,1,0
2823,3,16,0,18,18,0
2824,74,0,1,14,1,0
2825,72,4,1,22,0,0
2826,53,4,1,15,3,0
2827,2,2,0,15,6,0
2828,2,11,0,20,8,0
2829,1,11,0,15,1,0
2830,51,2,1,21,0,0
2831,75,3,1,9,5,0
2832,62,3,1,4,0,0
2833,53,2,1,23,2,0
2834,69,4,1,18,3,0
2835,70,3,1,7,5,0
2836,71,0,1,12,0,0
2837,76,0,1,9,2,0
2838,3,15,0,18,16,0
2839,4,22,0,19,12,0
2840,76,0,1,9,3,0
2841,0,3,0,17,2,0
2842,80,0,1,11,2,0
2843,0,3,0,15,5,0
2844,44,0,1,17,4,0
2845,0,18,0,13,6,0
2846,48,0,1,9,4,0
2847,41,3,1,16,3,0
2848,1,31,0,21,0,0
2849,3,13,0,21,6,0
2850,3,7,0,11,8,0
2851,3,34,0,15,5,0
2852,4,25,0,13,0,0
2853,68,2,1,12,4,0
2854,56,4,1,13,3,0
2855,75,1,1,11,4,0
2856,3,12,0,19,17,0
2857,55,2,1,24,0,0
2858,4,22,0,13,10,0
2859,1,35,0,19,1,0
2860,49,4,1,8,0,0
2861,58,2,1,4,0,0
2862,1,36,0,15,5,0
2863,67,2,1,14,0,0
2864,1,38,0,20,3,0
2865,0,3,0,19,15,0
2866,0,23,0,18,15,0
2867,3,21,0,17,1,0
2868,76,2,1,11,3,0
2869,0,30,0,13,12,0
2870,1,13,0,11,15,0
2871,50,4,1,6,1,0
2872,58,1,1,13,1,0
2873,1,39,0,19,4,0
2874,68,0,1,15,2,0
2875,52,2,1,8,1,0
2876,63,2,1,22,4,0
2877,3,22,0,11,13,0
2878,66,2,1,21,3,0
2879,0,33,0,21,4,0
2880,3,25,0,19,10,0
2881,0,19,0,11,12,0
2882,1,28,0,21,17,0
2883,50,1,1,13,2,0
2884,0,19,0,17,10,0
2885,56,1,1,15,5,0
2886,50,0,1,16,3,0
2887,4,12,0,12,19,0
2888,57,3,1,16,4,0
2889,4,27,0,18,10,0
2890,3,26,0,21,5,0
2891,1,16,0,12,11,0
2892,61,4,1,20,0,0
2893,55,0,1,22,3,0
2894,3,26,0,21,5,0
2895,71,1,1,6,4,0
2896,45,1,1,10,5,0
2897,0,37,0,19,13,0
2898,3,29,0,11,13,0
2899,71,4,1,11,0,0
2900,0,9,0,12,13,0
2901,48,3,1,14,1,0
2902,1,4,0,18,18,0
2903,3,8,0,15,13,0
2904,41,3,1,21,5,0
2905,62,0,1,10,4,0
2906,1,19,0,21,11,0
2907,1,14,0,19,11,0
2908,0,37,0,12,0,0
2909,75,0,1,11,1,0
2910,64,2,1,7,5,0
2911,2,11,0,20,4,0
2912,2,3,0,13,9,0
2913,0,32,0,19,13,0
2914,4,40,0,11,2,0
2915,0,24,0,21,2,0
2916,3,21,0,21,9,0
2917,4,32,0,20,10,0
2918,0,36,0,21,11,0
2919,2,39,0,21,7,0
2920,77,3,1,11,0,0
2921,0,17,0,15,10,0
2922,2,36,0,18,19,0
2923,71,4,1,9,5,0
2924,2,3,0,18,3,0
2925,0,6,0,21,18,0
2926,63,1,1,7,5,0
2927,3,1,0,17,5,0
2928,2,2,0,17,11,0
2929,0,7,0,17,5,0
2930,71,4,1,4,1,0
2931,0,15,0,12,10,0
2932,42,1,1,5,4,0
2933,66,2,1,23,3,0
2934,2,15,0,18,3,0
2935,75,2,1,7,0,0
2936,2,20,0,21,14,0
2937,71,4,1,3,3,0
2938,66,3,1,3,3,0
2939,48,3,1,20,3,0
2940,1,34,0,20,11,0
2941,0,29,0,20,15,0
2942,4,30,0,11,3,0
2943,64,0,1,3,5,0
2944,63,4,1,9,0,0
2945,3,10,0,19,5,0
2946,74,1,1,11,5,0
2947,44,4,1,15,0,0
2948,53,3,1,2,4,0
2949,2,28,0,13,2,0
2950,1,34,0,11,9,0
2951,79,3,1,10,1,0
2952,0,34,0,12,3,0
2953,3,31,0,15,3,0
2954,4,23,0,11,13,0
2955,66,3,1,15,0,0
2956,4,38,0,20,11,0
2957,43,2,1,6,5,0
2958,44,4,1,23,5,0
2959,3,12,0,18,15,0
2960,4,38,0,11,16,0
2961,2,24,0,19,8,0
2962,59,0,1,12,0,0
2963,0,26,0,19,16,0
2964,3,27,0,19,17,0
2965,2,21,0,21,14,0
2966,3,25,0,15,14,0
2967,79,4,1,5,0,0
2968,59,0,1,2,1,0
2969,2,40,0,13,16,0
2970,68,3,1,13,0,0
2971,0,1,0,15,9,0
2972,46,3,1,16,1,0
2973,2,8,0,11,19,0
2974,2,25,0,20,13,0
2975,59,4,1,6,3,0
2976,4,27,0,11,9,0
2977,42,4,1,5,1,0
2978,68,0,1,7,3,0
2979,57,4,1,23,4,0
2980,3,28,0,18,2,0
2981,4,30,0,19,11,0
2982,52,2,1,10,4,0
2983,3,8,0,13,18,0
2984,2,16,0,21,19,0
2985,66,0,1,17,4,0
2986,2,19,0,12,13,0
2987,46,2,1,11,2,0
2988,45,2,1,9,4,0
2989,4,5,0,15,14,0
2990,3,22,0,18,3,0
2991,0,8,0,20,18,0
2992,52,1,1,15,0,0
2993,4,26,0,11,2,0
2994,2,2,0,17,9,0
2995,1,17,0,15,17,0
2996,79,3,1,9,4,0
2997,3,28,0,13,12,0
2998,67,4,1,5,0,0
2999,62,2,1,3,3,0
3000,0,30,0,17,10,0
3001,59,4,1,10,0,0
3002,2,30,0,19,9,0
3003,47,2,1,7,4,0
3004,46,2,1,8,4,0
3005,66,0,1,19,2,0
3006,77,4,1,21,1,0
3007,1,31,0,19,16,0
3008,2,3,0,11,2,0
3009,4,40,0,15,13,0
3010,3,36,0,11,14,0
3011,4,29,0,21,16,0
3012,45,4,1,5,1,0
3013,52,0,1,24,1,0
3014,0,11,0,21,10,0
3015,3,8,0,18,16,0
3016,74,0,1,22,0,0
3017,65,2,1,14,2,0
3018,0,32,0,18,12,0
3019,4,20,0,12,13,0
3020,4,15,0,13,7,0
3021,0,0,0,21,7,0
3022,41,1,1,23,2,0
3023,0,6,0,20,0,0
3024,2,25,0,20,19,0
3025,3,33,0,13,13,0
3026,2,34,0,13,12,0
3027,45,3,1,13,3,0
3028,0,15,0,13,3,0
3029,63,3,1,8,1,0
3030,0,31,0,17,1,0
3031,4,38,0,11,9,0
3032,41,1,1,3,1,0
3033,3,9,0,17,2,0
3034,1,38,0,12,19,0
3035,3,14,0,17,15,0
3036,1,0,0,15,14,0
3037,49,0,1,2,0,0
3038,4,13,0,21,8,0
3039,4,40,0,19,3,0
3040,43,3,1,22,3,0
3041,74,2,1,19,4,0
3042,65,3,1,3,5,0
3043,3,23,0,13,3,0
3044,67,0,1,14,1,0
3045,55,4,1,10,0,0
3046,0,22,0,21,8,0
3047,0,28,0,21,7,0
3048,68,3,1,13,1,0
3049,0,35,0,11,13,0
3050,2,40,0,11,6,0
3051,75,0,1,2,3,0
3052,1,15,0,20,16,0
3053,63,2,1,11,3,0
3054,52,2,1,13,1,0
3055,1,25,0,12,12,0
3056,3,19,0,17,12,0
3057,1,29,0,17,2,0
3058,48,1,1,17,3,0
3059,0,9,0,13,11,0
3060,69,2,1,13,0,0
3061,4,21,0,11,15,0
3062,1,30,0,19,12,0
3063,3,7,0,15,0,0
3064,74,1,1,18,2,0
3065,4,2,0,12,19,0
3066,56,2,1,12,2,0
3067,0,5,0,17,10,0
3068,3,35,0,19,3,0
3069,1,4,0,13,14,0
3070,1,15,0,18,7,0
3071,4,2,0,13,5,0
3072,59,2,1,4,5,0
3073,66,4,1,13,0,0
3074,0,40,0,20,17,0
3075,52,2,1,7,0,0
3076,3,40,0,21,0,0
3077,0,3,0,12,17,0
3078,3,19,0,20,0,0
3079,2,0,0,18,19,0
3080,1,2,0,19,18,0
3081,1,18,0,21,18,0
3082,79,0,1,22,0,0
3083,56,4,1,8,2,0
3084,4,38,0,12,9,0
3085,63,0,1,10,1,0
3086,0,37,0,12,19,0
3087,72,3,1,8,2,0
3088,3,29,0,17,13,0
3089,3,20,0,17,10,0
3090,2,22,0,12,13,0
3091,66,2,1,7,3,0
3092,0,12,0,17,17,0
3093,4,3,0,21,4,0
3094,72,2,1,8,3,0
3095,2,10,0,20,19,0
3096,55,2,1,3,3,0
3097,1,15,0,19,13,0
3098,1,5,0,13,6,0
3099,0,6,0,12,4,0
3100,66,0,1,20,1,0
3101,80,4,1,15,5,0
3102,57,4,1,5,2,0
3103,4,20,0,20,11,0
3104,51,3,1,17,1,0
3105,71,2,1,16,2,0
3106,73,2,1,18,4,0
3107,2,21,0,12,14,0
3108,77,2,1,18,5,0
3109,72,4,1,9,5,0
3110,2,12,0,13,11,0
3111,4,32,0,13,12,0
3112,43,2,1,18,4,0
3113,1,33,0,15,6,0
3114,80,1,1,12,4,0
3115,42,4,1,12,3,0
3116,50,2,1,10,1,0
3117,79,0,1,23,3,0
3118,2,27,0,17,5,0
3119,4,33,0,20,14,0
3120,1,22,0,12,0,0
3121,4,10,0,18,4,0
3122,77,4,1,8,2,0
3123,4,32,0,20,9,0
3124,3,5,0,18,5,0
3125,3,27,0,15,6,0
3126,54,4,1,20,5,0
3127,2,10,0,11,2,0
3128,63,3,1,23,0,0
3129,3,2,0,20,9,0
3130,2,33,0,18,8,0
3131,55,2,1,11,0,0
3132,46,4,1,11,1,0
3133,42,4,1,19,3,0
3134,59,0,1,4,2,0
3135,3,31,0,18,0,0
3136,49,0,1,14,0,0
3137,4,15,0,11,4,0
3138,0,31,0,12,4,0
3139,4,32,0,15,8,0
3140,49,0,1,7,4,0
3141,1,28,0,17,1,0
3142,57,2,1,4,3,0
3143,2,32,0,17,6,0
3144,51,4,1,11,0,0
3145,4,17,0,13,1,0
3146,61,0,1,22,3,0
3147,59,3,1,22,2,0
3148,70,3,1,16,4,0
3149,0,26,0,11,3,0
3150,0,20,0,12,1,0
3151,3,29,0,15,19,0
3152,3,24,0,20,8,0
3153,58,4,1,13,0,0
3154,41,1,1,23,0,0
3155,63,2,1,12,0,0
3156,55,1,1,10,0,0
3157,4,37,0,17,0,0
3158,49,4,1,13,5,0
3159,3,22,0,11,17,0
3160,3,7,0,18,0,0
3161,4,7,0,12,8,0
3162,2,9,0,17,2,0
3163,0,28,0,20,12,0
3164,44,1,1,6,0,0
3165,52,2,1,14,5,0
3166,0,29,0,13,6,0
3167,62,0,1,15,4,0
3168,4,38,0,12,7,0
3169,3,24,0,15,8,0
3170,3,1,0,18,16,0
3171,4,11,0,19,13,0
3172,68,0,1,8,5,0
3173,45,3,1,14,1,0
3174,2,34,0,19,17,0
3175,4,13,0,19,11,0
3176,77,1,1,23,0,0
3177,67,2,1,22,5,0
3178,62,0,1,13,0,0
3179,74,4,1,4,2,0
3180,2,30,0,13,18,0
3181,62,1,1,4,1,0
3182,52,2,1,22,4,0
3183,71,3,1,13,5,0
3184,45,3,1,24,3,0
3185,0,34,0,19,13,0
3186,2,9,0,20,16,0
3187,4,7,0,21,15,0
3188,73,2,1,18,1,0
3189,1,16,0,19,19,0
3190,3,25,0,12,14,0
3191,1,28,0,21,9,0
3192,1,35,0,17,3,0
3193,57,2,1,23,4,0
3194,66,3,1,8,1,0
3195,1,17,0,12,0,0
3196,2,5,0,17,9,0
3197,2,28,0,19,17,0
3198,68,3,1,11,3,0
3199,78,0,1,22,4,0
3200,3,37,0,21,9,0
3201,74,3,1,5,1,0
3202,73,3,1,6,5,0
3203,1,8,0,12,7,0
3204,61,1,1,15,5,0
3205,53,4,1,22,4,0
3206,52,4,1,4,5,0
3207,2,12,0,15,5,0
3208,45,4,1,21,1,0
3209,62,2,1,16,0,0
3210,53,2,1,16,3,0
3211,3,32,0,21,19,0
3212,3,0,0,18,10,0
3213,47,4,1,9,2,0
3214,44,3,1,23,3,0
3215,57,3,1,2,4,0
3216,2,17,0,12,3,0
3217,2,37,0,11,1,0
3218,63,3,1,22,3,0
3219,49,3,1,23,2,0
3220,74,4,1,12,2,0
3221,2,12,0,21,2,0
3222,4,5,0,18,6,0
3223,64,0,1,16,3,0
3224,65,0,1,2,4,0
3225,3,16,0,20,18,0
3226,4,23,0,12,10,0
3227,3,10,0,13,8,0
3228,1,19,0,18,10,0
3229,70,0,1,6,5,0
3230,0,5,0,12,10,0
3231,0,40,0,17,1,0
3232,80,2,1,7,4,0
3233,50,2,1,15,2,0
3234,75,3,1,2,2,0
3235,72,0,1,3,5,0
3236,0,31,0,18,10,0
3237,2,34,0,21,0,0
3238,2,26,0,18,7,0
3239,76,2,1,16,5,0
3240,46,3,1,18,4,0
3241,3,9,0,18,14,0
3242,4,31,0,19,8,0
3243,57,1,1,19,1,0
3244,43,2,1,22,1,0
3245,75,1,1,17,3,0
3246,3,2,0,15,15,0
3247,46,0,1,18,0,0
3248,1,15,0,21,10,0
3249,3,4,0,11,3,0
3250,1,3,0,15,16,0
3251,55,1,1,6,3,0
3252,3,11,0,13,18,0
3253,0,40,0,20,5,0
3254,79,4,1,18,4,0
3255,75,4,1,13,5,0
3256,4,2,0,21,4,0
3257,54,4,1,10,2,0
3258,4,14,0,13,15,0
3259,1,15,0,18,1,0
3260,3,37,0,11,14,0
3261,69,2,1,17,0,0
3262,4,1,0,20,15,0
3263,0,25,0,15,12,0
3264,62,2,1,4,1,0
3265,41,4,1,7,2,0
3266,0,31,0,12,18,0
3267,4,14,0,13,13,0
3268,70,4,1,22,4,0
3269,66,2,1,14,3,0
3270,65,0,1,23,1,0
3271,0,24,0,18,9,0
3272,3,10,0,12,1,0
3273,0,23,0,11,11,0
3274,0,28,0,11,16,0
3275,50,1,1,19,1,0
3276,73,2,1,15,0,0
3277,58,0,1,6,2,0
3278,78,0,1,21,2,0
3279,43,3,1,22,5,0
3280,74,4,1,20,0,0
3281,3,28,0,12,9,0
3282,0,34,0,18,14,0
3283,77,4,1,2,5,0
3284,2,23,0,15,2,0
3285,4,26,0,12,8,0
3286,62,3,1,20,1,0
3287,2,4,0,12,1,0
3288,53,3,1,22,0,0
3289,2,12,0,20,16,0
3290,3,34,0,15,14,0
3291,4,39,0,21,1,0
3292,56,3,1,15,1,0
3293,2,25,0,12,11,0
3294,79,3,1,10,3,0
3295,78,3,1,24,5,0
3296,3,15,0,20,3,0
3297,4,8,0,12,2,0
3298,2,5,0,12,17,0
3299,50,1,1,11,1,0
3300,64,2,1,8,1,0
3301,57,0,1,24,5,0
3302,70,4,1,16,2,0
3303,3,14,0,12,8,0
3304,4,13,0,13,17,0
3305,69,0,1,4,0,0
3306,1,16,0,18,9,0
3307,4,24,0,13,0,0
3308,0,28,0,18,6,0
3309,4,19,0,11,3,0
3310,53,4,1,15,2,0
3311,1,30,0,15,5,0
3312,3,32,0,21,18,0
3313,76,3,1,7,0,0
3314,2,7,0,17,12,0
3315,68,2,1,15,5,0
3316,41,4,1,9,3,0
3317,60,1,1,24,5,0
3318,2,12,0,11,6,0
3319,2,0,0,19,5,0
3320,2,33,0,15,13,0
3321,2,39,0,11,10,0
3322,71,0,1,2,0,0
3323,48,2,1,12,5,0
3324,59,3,1,13,3,0
3325,51,3,1,22,3,0
3326,4,30,0,19,9,0
3327,56,2,1,16,0,0
3328,45,2,1,11,5,0
3329,65,3,1,13,1,0
3330,0,22,0,15,16,0
3331,2,39,0,12,14,0
3332,69,1,1,22,3,0
3333,69,0,1,2,2,0
3334,60,0,1,5,4,0
3335,3,33,0,17,12,0
3336,54,1,1,6,2,0
3337,4,11,0,13,15,0
3338,79,0,1,5,2,0
3339,53,3,1,23,0,0
3340,4,39,0,21,10,0
3341,43,4,1,3,1,0
3342,52,3,1,20,4,0
3343,59,2,1,17,0,0
3344,66,4,1,6,1,0
3345,1,14,0,15,14,0
3346,66,3,1,21,0,0
3347,2,31,0,17,19,0
3348,2,19,0,19,18,0
3349,4,37,0,18,6,0
3350,57,0,1,4,4,0
3351,42,4,1,13,5,0
3352,4,35,0,21,11,0
3353,3,7,0,19,11,0
3354,63,1,1,16,4,0
3355,4,2,0,19,9,0
3356,64,4,1,12,3,0
3357,72,3,1,13,2,0
3358,61,4,1,12,4,0
3359,75,3,1,12,5,0
3360,4,30,0,15,8,0
3361,2,21,0,20,3,0
3362,0,27,0,12,5,0
3363,4,2,0,15,3,0
3364,80,4,1,9,5,0
3365,4,6,0,18,2,0
3366,68,0,1,10,3,0
3367,0,36,0,11,8,0
3368,77,3,1,22,3,0
3369,52,3,1,6,5,0
3370,67,2,1,22,1,0
3371,76,0,1,20,0,0
3372,2,2,0,18,12,0
3373,52,2,1,13,1,0
3374,4,26,0,21,12,0
3375,63,1,1,15,2,0
3376,0,18,0,20,14,0
3377,4,37,0,17,11,0
3378,55,2,1,6,4,0
3379,0,39,0,21,9,0
3380,3,13,0,11,19,0
3381,57,1,1,8,5,0
3382,0,18,0,20,13,0
3383,2,16,0,17,11,0
3384,0,36,0,17,2,0
3385,0,9,0,12,13,0
3386,58,2,1,19,3,0
3387,45,3,1,5,2,0
3388,4,13,0,18,0,0
3389,2,8,0,18,11,0
3390,0,32,0,15,9,0
3391,77,0,1,21,5,0
3392,57,1,1,7,1,0
3393,68,3,1,2,4,0
3394,50,3,1,8,5,0
3395,0,32,0,20,19,0
3396,79,2,1,15,1,0
3397,64,2,1,16,5,0
3398,4,6,0,21,8,0
3399,2,33,0,21,11,0
3400,3,36,0,11,13,0
3401,45,2,1,3,3,0
3402,4,9,0,11,8,0
3403,63,2,1,17,5,0
3404,44,1,1,8,3,0
3405,58,3,1,21,1,0
3406,2,6,0,15,12,0
3407,62,3,1,11,5,0
3408,42,1,1,13,0,0
3409,4,34,0,19,4,0
3410,4,26,0,17,17,0
3411,52,4,1,6,2,0
3412,78,0,1,15,1,0
3413,48,2,1,20,2,0
3414,79,1,1,23,0,0
3415,2,39,0,15,19,0
3416,4,16,0,20,18,0
3417,4,8,0,11,1,0
3418,4,39,0,17,10,0
3419,42,0,1,21,2,0
3420,69,1,1,6,5,0
3421,53,1,1,22,2,0
3422,4,23,0,18,13,0
3423,59,0,1,22,4,0
3424,4,14,0,21,10,0
3425,62,1,1,22,0,0
3426,51,2,1,2,0,0
3427,60,0,1,3,4,0
3428,1,18,0,15,14,0
3429,45,3,1,18,2,0
3430,67,1,1,12,1,0
3431,2,3,0,11,10,0
3432,2,18,0,12,11,0
3433,74,3,1,7,5,0
3434,2,13,0,19,7,0
3435,1,4,0,12,3,0
3436,41,1,1,15,2,0
3437,3,10,0,13,17,0
3438,1,20,0,18,8,0
3439,66,1,1,4,3,0
3440,3,18,0,17,10,0
3441,1,28,0,17,14,0
3442,2,27,0,21,18,0
3443,2,17,0,19,14,0
3444,49,3,1,16,1,0
3445,0,36,0,19,12,0
3446,43,1,1,11,5,0
3447,69,0,1,16,0,0
3448,45,0,1,22,5,0
3449,53,4,1,3,5,0
3450,46,1,1,3,2,0
3451,62,2,1,17,4,0
3452,69,3,1,14,3,0
3453,0,31,0,12,16,0
3454,78,2,1,15,4,0
3455,43,3,1,22,1,0
3456,66,3,1,10,1,0
3457,4,12,0,13,4,0
3458,64,1,1,10,2,0
3459,0,38,0,15,6,0
3460,64,1,1,7,4,0
3461,1,34,0,15,15,0
3462,2,13,0,18,16,0
3463,47,4,1,10,1,0
3464,57,3,1,8,0,0
3465,80,4,1,22,2,0
3466,60,4,1,20,3,0
3467,63,3,1,15,2,0
3468,2,4,0,17,14,0
3469,1,5,0,17,17,0
3470,4,33,0,11,3,0
3471,0,1,0,13,13,0
3472,48,0,1,8,0,0
3473,43,2,1,3,1,0
3474,60,2,1,21,1,0
3475,44,0,1,13,4,0
3476,54,3,1,19,0,0
3477,1,33,0,17,1,0
3478,4,20,0,13,9,0
3479,74,1,1,8,5,0
3480,1,28,0,21,5,0
3481,56,4,1,6,4,0
3482,73,4,1,2,4,0
3483,4,35,0,15,1,0
3484,0,24,0,19,1,0
3485,45,0,1,6,2,0
3486,0,28,0,11,15,0
3487,0,2,0,20,19,0
3488,44,2,1,15,2,0
3489,3,2,0,19,13,0
3490,2,12,0,11,7,0
3491,50,2,1,13,5,0
3492,48,3,1,9,4,0
3493,43,0,1,22,3,0
3494,4,15,0,19,12,0
3495,0,23,0,21,14,0
3496,57,3,1,2,5,0
3497,3,26,0,17,14,0
3498,4,36,0,13,5,0
3499,72,4,1,5,2,0
3500,4,21,0,19,11,0
3501,3,1,0,13,12,0
3502,46,4,1,7,1,0
3503,4,17,0,18,13,0
3504,78,4,1,19,0,0
3505,1,15,0,13,13,0
3506,0,40,0,21,12,0
3507,44,4,1,16,5,0
3508,52,4,1,13,2,0
3509,1,35,0,11,17,0
3510,44,2,1,10,0,0
3511,0,26,0,20,18,0
3512,55,0,1,3,0,0
3513,3,36,0,18,7,0
3514,69,3,1,7,2,0
3515,2,6,0,17,18,0
3516,59,4,1,18,5,0
3517,1,19,0,15,5,0
3518,53,4,1,14,3,0
3519,4,4,0,18,2,0
3520,69,0,1,17,2,0
3521,76,0,1,22,4,0
3522,64,0,1,24,4,0
3523,2,31,0,20,4,0
3524,3,24,0,13,8,0
3525,76,1,1,13,2,0
3526,42,3,1,23,2,0
3527,2,38,0,15,3,0
3528,2,3,0,20,10,0
3529,0,27,0,13,4,0
3530,0,23,0,20,14,0
3531,60,1,1,7,5,0
3532,4,18,0,12,2,0
3533,80,2,1,11,1,0
3534,73,2,1,3,1,0
3535,3,39,0,15,8,0
3536,1,8,0,19,6,0
3537,2,38,0,17,4,0
3538,4,21,0,18,5,0
3539,3,28,0,11,4,0
3540,66,3,1,17,5,0
3541,1,11,0,15,7,0
3542,60,4,1,18,5,0
3543,78,3,1,5,1,0
3544,0,17,0,17,11,0
3545,2,0,0,18,10,0
3546,2,10,0,21,16,0
3547,66,2,1,6,2,0
3548,1,25,0,21,11,0
3549,58,3,1,18,0,0
3550,4,19,0,13,16,0
3551,79,4,1,12,3,0
3552,75,0,1,5,4,0
3553,2,23,0,15,13,0
3554,44,4,1,17,4,0
3555,70,4,1,24,5,0
3556,0,28,0,11,18,0
3557,63,0,1,13,3,0
3558,76,2,1,19,3,0
3559,3,2,0,11,16,0
3560,70,3,1,6,5,0
3561,1,13,0,12,4,0
3562,0,21,0,21,3,0
3563,51,0,1,16,3,0
3564,2,19,0,19,2,0
3565,69,1,1,19,4,0
3566,0,21,0,15,5,0
3567,54,3,1,23,1,0
3568,2,13,0,13,5,0
3569,74,2,1,6,3,0
3570,0,1,0,17,0,0
3571,2,9,0,13,13,0
3572,61,1,1,8,2,0
3573,0,40,0,11,0,0
3574,0,4,0,19,1,0
3575,1,27,0,15,16,0
3576,2,36,0,20,18,0
3577,0,9,0,19,12,0
3578,0,8,0,17,13,0
3579,4,40,0,13,10,0
3580,79,1,1,16,3,0
3581,53,3,1,23,3,0
3582,0,15,0,17,18,0
3583,71,3,1,19,4,0
3584,0,17,0,11,15,0
3585,1,8,0,20,9,0
3586,63,3,1,2,2,0
3587,1,38,0,15,14,0
3588,3,33,0,21,19,0
3589,47,0,1,11,0,0
3590,66,3,1,23,2,0
3591,3,23,0,20,13,0
3592,2,30,0,13,18,0
3593,4,13,0,20,13,0
3594,52,2,1,2,2,0
3595,1,8,0,19,15,0
3596,1,38,0,17,14,0
3597,45,4,1,19,4,0
3598,2,28,0,18,2,0
3599,43,3,1,18,4,0
3600,64,0,1,3,3,0
3601,0,20,0,15,2,0
3602,64,2,1,12,5,0
3603,0,28,0,11,3,0
3604,2,8,0,20,6,0
3605,58,0,1,10,3,0
3606,59,2,1,8,0,0
3607,3,1,0,12,5,0
3608,42,0,1,14,5,0
3609,1,19,0,12,19,0
3610,43,4,1,5,3,0
3611,2,10,0,21,15,0
3612,2,25,0,21,8,0
3613,1,7,0,11,18,0
3614,4,25,0,17,8,0
3615,45,1,1,24,2,0
3616,64,3,1,8,2,0
3617,49,1,1,16,4,0
3618,78,3,1,6,0,0
3619,77,0,1,16,1,0
3620,3,33,0,19,1,0
3621,53,1,1,18,0,0
3622,3,25,0,21,16,0
3623,78,1,1,23,0,0
3624,60,4,1,2,5,0
3625,56,3,1,3,2,0
3626,41,3,1,20,3,0
3627,0,7,0,15,16,0
3628,60,1,1,9,5,0
3629,70,4,1,4,2,0
3630,77,2,1,8,1,0
3631,43,1,1,4,2,0
3632,45,1,1,5,4,0
3633,51,2,1,16,2,0
3634,78,1,1,22,4,0
3635,42,1,1,11,2,0
3636,65,3,1,11,5,0
3637,64,0,1,6,2,0
3638,4,13,0,17,9,0
3639,58,0,1,6,4,0
3640,77,3,1,16,5,0
3641,52,2,1,24,2,0
3642,3,36,0,20,9,0
3643,0,11,0,20,18,0
3644,44,3,1,24,0,0
3645,70,0,1,4,2,0
3646,64,2,1,19,5,0
3647,60,1,1,20,1,0
3648,71,3,1,20,3,0
3649,72,3,1,18,2,0
3650,2,34,0,11,18,0
3651,1,31,0,17,10,0
3652,66,0,1,4,0,0
3653,55,2,1,7,5,0
3654,4,30,0,20,4,0
3655,4,36,0,20,15,0
3656,0,21,0,20,7,0
3657,77,4,1,8,1,0
3658,78,3,1,22,1,0
3659,58,4,1,22,1,0
3660,43,0,1,3,1,0
3661,3,16,0,21,2,0
3662,61,2,1,6,0,0
3663,63,3,1,18,3,0
3664,3,7,0,20,0,0
3665,55,1,1,14,2,0
3666,0,6,0,13,14,0
3667,4,26,0,12,9,0
3668,4,11,0,12,6,0
3669,4,36,0,12,13,0
3670,68,2,1,23,2,0
3671,59,3,1,10,2,0
3672,2,10,0,15,19,0
3673,71,0,1,17,2,0
3674,43,2,1,13,2,0
3675,74,4,1,18,3,0
3676,74,4,1,22,1,0
3677,42,3,1,2,0,0
3678,79,0,1,4,0,0
3679,0,29,0,17,4,0
3680,57,4,1,18,3,0
3681,55,0,1,24,2,0
3682,53,2,1,20,5,0
3683,64,3,1,4,3,0
3684,66,4,1,15,5,0
3685,65,2,1,9,1,0
3686,4,2,0,19,17,0
3687,0,34,0,15,3,0
3688,4,11,0,12,7,0
3689,50,4,1,8,4,0
3690,47,4,1,13,5,0
3691,4,30,0,21,8,0
3692,60,1,1,2,0,0
3693,0,8,0,18,1,0
3694,44,2,1,11,3,0
3695,0,26,0,19,6,0
3696,2,22,0,20,5,0
3697,0,8,0,21,12,0
3698,0,6,0,11,10,0
3699,65,3,1,23,5,0
3700,4,34,0,17,10,0
3701,1,4,0,19,13,0
3702,4,7,0,12,9,0
3703,2,14,0,15,2,0
3704,50,0,1,3,4,0
3705,69,2,1,23,1,0
3706,69,3,1,24,0,0
3707,66,1,1,2,4,0
3708,63,3,1,17,3,0
3709,2,19,0,18,6,0
3710,0,7,0,21,9,0
3711,52,2,1,8,0,0
3712,3,1,0,21,13,0
3713,4,32,0,15,13,0
3714,2,11,0,12,18,0
3715,74,3,1,11,2,0
3716,44,4,1,4,5,0
3717,58,3,1,19,2,0
3718,3,36,0,15,7,0
3719,45,2,1,11,3,0
3720,42,3,1,4,2,0
3721,79,1,1,21,2,0
3722,0,6,0,13,13,0
3723,76,0,1,4,1,0
3724,0,6,0,20,19,0
3725,2,12,0,17,18,0
3726,3,40,0,15,5,0
3727,3,4,0,20,13,0
3728,75,0,1,6,3,0
3729,72,4,1,5,1,0
3730,2,12,0,21,17,0
3731,75,2,1,20,4,0
3732,75,0,1,10,2,0
3733,1,7,0,20,1,0
3734,72,1,1,9,5,0
3735,45,2,1,17,1,0
3736,3,1,0,19,14,0
3737,74,0,1,13,1,0
3738,4,34,0,19,14,0
3739,3,25,0,21,12,0
3740,2,22,0,19,16,0
3741,64,1,1,23,5,0
3742,4,35,0,13,13,0
3743,4,23,0,12,8,0
3744,4,23,0,19,2,0
3745,2,0,0,11,7,0
3746,3,36,0,13,18,0
3747,56,3,1,3,5,0
3748,2,4,0,21,5,0
3749,58,4,1,10,2,0
3750,51,3,1,2,0,0
3751,1,14,0,21,6,0
3752,65,4,1,18,5,0
3753,0,13,0,12,3,0
3754,42,0,1,5,4,0
3755,68,0,1,3,5,0
3756,4,35,0,11,14,0
3757,53,1,1,9,1,0
3758,80,0,1,17,1,0
3759,47,2,1,18,0,0
3760,64,0,1,6,0,0
3761,79,2,1,5,2,0
3762,2,13,0,21,8,0
3763,80,3,1,12,3,0
3764,3,11,0,18,13,0
3765,2,21,0,15,2,0
3766,43,4,1,22,0,0
3767,61,4,1,22,4,0
3768,71,2,1,13,4,0
3769,0,35,0,11,18,0
3770,0,32,0,17,4,0
3771,57,4,1,19,3,0
3772,3,28,0,19,14,0
3773,46,4,1,24,2,0
3774,4,2,0,21,13,0
3775,2,13,0,12,7,0
3776,66,2,1,16,0,0
3777,42,1,1,6,0,0
3778,4,18,0,11,19,0
3779,45,4,1,16,1,0
3780,2,14,0,21,9,0
3781,41,3,1,14,4,0
3782,1,40,0,18,8,0
3783,1,9,0,12,11,0
3784,2,36,0,11,13,0
3785,0,18,0,17,13,0
3786,3,17,0,21,16,0
3787,74,1,1,11,0,0
3788,58,2,1,23,3,0
3789,58,0,1,3,5,0
3790,0,0,0,17,6,0
3791,55,3,1,22,5,0
3792,1,0,0,13,15,0
3793,0,18,0,13,0,0
3794,0,12,0,19,1,0
3795,73,4,1,13,0,0
3796,61,4,1,6,4,0
3797,71,2,1,7,2,0
3798,76,0,1,10,2,0
3799,78,0,1,2,0,0
3800,63,1,1,21,5,0
3801,1,20,0,11,12,0
3802,56,3,1,19,2,0
3803,65,4,1,24,4,0
3804,41,2,1,17,5,0
3805,0,20,0,19,8,0
3806,71,2,1,13,2,0
3807,3,1,0,15,11,0
3808,1,29,0,21,9,0
3809,3,30,0,18,3,0
3810,80,4,1,14,2,0
3811,58,0,1,11,5,0
3812,60,4,1,5,2,0
3813,0,29,0,20,0,0
3814,1,4,0,15,6,0
3815,3,6,0,20,16,0
3816,50,2,1,7,0,0
3817,66,3,1,22,4,0
3818,74,1,1,24,5,0
3819,0,9,0,15,2,0
3820,1,32,0,13,0,0
3821,77,3,1,4,4,0
3822,3,23,0,15,17,0
3823,1,9,0,11,6,0
3824,55,1,1,8,1,0
3825,71,0,1,11,3,0
3826,2,39,0,11,0,0
3827,4,34,0,12,15,0
3828,1,37,0,17,11,0
3829,3,38,0,13,2,0
3830,4,4,0,15,0,0
3831,47,2,1,24,3,0
3832,52,1,1,18,3,0
3833,54,1,1,16,3,0
3834,4,29,0,17,18,0
3835,2,21,0,18,11,0
3836,56,3,1,21,3,0
3837,78,4,1,19,2,0
3838,65,4,1,21,5,0
3839,52,4,1,9,4,0
3840,2,23,0,17,18,0
3841,0,12,0,17,2,0
3842,55,3,1,15,5,0
3843,0,39,0,20,5,0
3844,58,4,1,20,2,0
3845,79,0,1,13,0,0
3846,79,1,1,2,5,0
3847,1,36,0,21,17,0
3848,1,7,0,20,7,0
3849,54,1,1,3,2,0
3850,57,3,1,2,2,0
3851,58,2,1,12,5,0
3852,76,1,1,22,5,0
3853,48,1,1,19,4,0
3854,4,13,0,11,2,0
3855,68,3,1,10,1,0
3856,0,35,0,18,2,0
3857,49,0,1,8,2,0
3858,4,40,0,17,1,0
3859,54,1,1,22,1,0
3860,3,4,0,20,12,0
3861,1,27,0,15,17,0
3862,48,1,1,18,1,0
3863,3,34,0,20,11,0
3864,61,1,1,19,0,0
3865,54,1,1,21,2,0
3866,0,24,0,12,10,0
3867,2,3,0,20,19,0
3868,80,0,1,23,1,0
3869,80,0,1,2,1,0
3870,72,3,1,22,0,0
3871,3,1,0,19,3,0
3872,3,4,0,21,10,0
3873,67,1,1,8,1,0
3874,3,19,0,18,16,0
3875,1,21,0,13,3,0
3876,71,4,1,20,1,0
3877,4,27,0,20,3,0
3878,50,1,1,10,3,0
3879,66,4,1,24,2,0
3880,45,2,1,23,0,0
3881,67,0,1,11,4,0
3882,55,2,1,14,5,0
3883,2,7,0,13,5,0
3884,70,0,1,21,5,0
3885,2,3,0,12,11,0
3886,3,21,0,11,3,0
3887,3,39,0,21,11,0
3888,3,20,0,15,19,0
3889,1,34,0,21,16,0
3890,46,2,1,11,1,0
3891,0,34,0,12,19,0
3892,1,22,0,15,13,0
3893,2,4,0,11,9,0
3894,69,3,1,4,1,0
3895,2,4,0,17,17,0
3896,41,3,1,23,3,0
3897,2,10,0,15,7,0
3898,2,18,0,18,1,0
3899,3,18,0,15,19,0
3900,3,30,0,15,0,0
3901,4,4,0,12,3,0
3902,4,26,0,12,12,0
3903,45,0,1,3,1,0
3904,4,10,0,15,18,0
3905,2,5,0,18,2,0
3906,3,37,0,13,3,0
3907,62,4,1,23,0,0
3908,3,15,0,18,10,0
3909,2,23,0,15,1,0
3910,4,21,0,13,17,0
3911,3,17,0,21,6,0
3912,4,0,0,20,9,0
3913,0,15,0,12,13,0
3914,0,28,0,15,12,0
3915,2,24,0,12,8,0
3916,2,12,0,21,2,0
3917,68,4,1,18,2,0
3918,60,2,1,24,1,0
3919,74,4,1,14,5,0
3920,3,37,0,15,1,0
3921,2,27,0,21,5,0
3922,68,3,1,16,0,0
3923,4,22,0,15,16,0
3924,4,20,0,18,17,0
3925,2,16,0,15,4,0
3926,1,6,0,17,8,0
3927,1,15,0,11,15,0
3928,59,2,1,22,3,0
3929,4,37,0,11,7,0
3930,80,2,1,24,1,0
3931,46,1,1,23,4,0
3932,59,0,1,20,1,0
3933,4,1,0,13,4,0
3934,3,5,0,19,0,0
3935,77,0,1,7,4,0
3936,4,18,0,15,5,0
3937,2,5,0,13,12,0
3938,78,0,1,5,2,0
3939,1,8,0,11,13,0
3940,61,4,1,14,1,0
3941,3,40,0,18,2,0
3942,49,2,1,7,0,0
3943,2,37,0,20,13,0
3944,58,0,1,16,1,0
3945,2,1,0,17,7,0
3946,79,0,1,8,4,0
3947,0,8,0,20,8,0
3948,0,12,0,21,6,0
3949,0,8,0,13,19,0
3950,53,2,1,6,1,0
3951,74,3,1,23,4,0
3952,0,0,0,11,13,0
3953,0,15,0,12,12,0
3954,63,4,1,19,1,0
3955,1,2,0,18,15,0
3956,71,2,1,20,1,0
3957,42,0,1,3,3,0
3958,3,3,0,13,19,0
3959,2,30,0,18,15,0
3960,3,6,0,21,18,0
3961,66,4,1,20,2,0
3962,75,0,1,6,0,0
3963,74,4,1,14,1,0
3964,70,0,1,12,1,0
3965,0,0,0,20,13,0
3966,48,1,1,14,1,0
3967,1,25,0,19,15,0
3968,0,16,0,20,17,0
3969,54,1,1,9,1,0
3970,2,22,0,18,12,0
3971,78,1,1,3,5,0
3972,2,34,0,17,14,0
3973,49,4,1,9,3,0
3974,1,17,0,17,15,0
3975,76,1,1,12,2,0
3976,51,0,1,2,5,0
3977,2,7,0,11,11,0
3978,55,2,1,14,4,0
3979,3,32,0,19,14,0
3980,60,2,1,15,1,0
3981,80,1,1,20,1,0
3982,1,16,0,12,14,0
3983,1,5,0,15,13,0
3984,74,4,1,13,5,0
3985,1,30,0,20,7,0
3986,1,22,0,13,0,0
3987,42,2,1,19,1,0
3988,68,1,1,7,2,0
3989,53,4,1,16,2,0
3990,4,10,0,13,2,0
3991,49,3,1,15,5,0
3992,74,0,1,15,3,0
3993,54,0,1,24,2,0
3994,0,32,0,21,1,0
3995,2,8,0,20,12,0
3996,75,1,1,16,2,0
3997,51,4,1,18,0,0
3998,4,40,0,20,0,0
3999,61,2,1,2,2,0
4000,2,33,0,17,16,0
4001,1,4,0,17,17,0
4002,0,13,0,19,11,0
4003,1,27,0,13,10,0
4004,64,2,1,23,2,0
4005,50,1,1,6,5,0
4006,80,4,1,23,0,0
4007,71,0,1,6,0,0
4008,56,1,1,2,3,0
4009,2,38,0,13,4,0
4010,3,4,0,12,18,0
4011,2,9,0,18,1,0
4012,76,4,1,20,2,0
4013,3,10,0,17,15,0
4014,75,1,1,14,4,0
4015,49,2,1,24,5,0
4016,2,30,0,15,8,0
4017,57,2,1,5,1,0
4018,51,4,1,3,2,0
4019,4,27,0,15,3,0
4020,3,24,0,11,19,0
4021,3,39,0,11,19,0
4022,1,29,0,19,13,0
4023,54,1,1,16,4,0
4024,1,19,0,21,9,0
4025,4,20,0,15,16,0
4026,2,36,0,20,18,0
4027,0,5,0,20,3,0
4028,4,21,0,11,17,0
4029,3,38,0,17,14,0
4030,58,4,1,12,4,0
4031,55,0,1,6,2,0
4032,70,3,1,6,4,0
4033,4,16,0,13,9,0
4034,64,3,1,2,2,0
4035,68,2,1,2,4,0
4036,3,24,0,21,2,0
4037,2,2,0,21,1,0
4038,2,0,0,21,15,0
4039,65,1,1,13,4,0
4040,53,3,1,11,0,0
4041,4,13,0,15,8,0
4042,50,4,1,3,4,0
4043,58,3,1,3,1,0
4044,66,4,1,13,3,0
4045,4,36,0,17,5,0
4046,4,28,0,20,8,0
4047,47,3,1,21,5,0
4048,49,0,1,9,1,0
4049,1,39,0,20,9,0
4050,4,36,0,17,13,0
4051,0,7,0,15,10,0
4052,2,24,0,13,15,0
4053,1,6,0,12,1,0
4054,61,3,1,12,4,0
4055,2,0,0,13,16,0
4056,4,23,0,20,3,0
4057,58,4,1,18,2,0
4058,3,9,0,20,0,0
4059,0,16,0,13,16,0
4060,75,4,1,13,5,0
4061,1,25,0,18,6,0
4062,54,0,1,11,4,0
4063,48,3,1,21,3,0
4064,78,4,1,13,2,0
4065,59,1,1,4,4,0
4066,1,0,0,19,12,0
4067,2,10,0,15,13,0
4068,4,37,0,13,4,0
4069,3,9,0,18,11,0
4070,51,2,1,18,5,0
4071,57,1,1,4,0,0
4072,58,2,1,12,0,0
4073,75,0,1,7,0,0
4074,78,0,1,4,5,0
4075,3,17,0,15,10,0
4076,1,25,0,19,14,0
4077,63,2,1,4,2,0
4078,4,4,0,21,13,0
4079,46,1,1,11,1,0
4080,71,1,1,18,5,0
4081,59,4,1,20,1,0
4082,3,10,0,19,19,0
4083,69,2,1,15,5,0
4084,45,3,1,13,3,0
4085,4,1,0,15,13,0
4086,0,24,0,20,18,0
4087,80,0,1,6,1,0
4088,42,1,1,16,2,0
4089,45,0,1,13,3,0
4090,4,33,0,13,8,0
4091,2,3,0,13,12,0
4092,63,1,1,16,2,0
4093,72,4,1,23,5,0
4094,66,1,1,21,0,0
4095,0,4,0,21,15,0
4096,59,4,1,9,3,0
4097,54,3,1,19,2,0
4098,4,1,0,19,12,0
4099,65,0,1,10,2,0
4100,44,0,1,15,1,0
4101,43,1,1,7,2,0
4102,3,28,0,13,10,0
4103,48,3,1,14,1,0
4104,76,1,1,3,3,0
4105,3,29,0,11,15,0
4106,51,3,1,4,1,0
4107,52,4,1,5,4,0
4108,41,1,1,19,1,0
4109,58,1,1,2,1,0
4110,74,2,1,3,2,0
4111,42,0,1,19,4,0
4112,0,30,0,18,3,0
4113,1,36,0,21,13,0
4114,77,3,1,12,0,0
4115,1,30,0,21,13,0
4116,73,2,1,10,0,0
4117,1,26,0,19,0,0
4118,67,0,1,16,4,0
4119,52,1,1,20,3,0
4120,2,37,0,19,18,0
4121,0,28,0,18,2,0
4122,45,2,1,8,4,0
4123,72,2,1,20,1,0
4124,1,6,0,21,9,0
4125,2,35,0,12,13,0
4126,46,3,1,9,3,0
4127,51,0,1,11,4,0
4128,65,2,1,19,2,0
4129,42,1,1,10,0,0
4130,0,31,0,11,1,0
4131,4,26,0,12,5,0
4132,2,11,0,12,8,0
4133,1,5,0,11,12,0
4134,0,21,0,12,2,0
4135,70,2,1,2,4,0
4136,4,39,0,18,2,0
4137,1,4,0,19,5,0
4138,66,4,1,3,1,0
4139,58,4,1,5,0,0
4140,0,3,0,20,4,0
4141,46,1,1,12,0,0
4142,4,12,0,17,2,0
4143,69,3,1,19,0,0
4144,76,1,1,11,3,0
4145,49,0,1,21,0,0
4146,2,22,0,13,8,0
4147,1,38,0,19,12,0
4148,0,10,0,12,0,0
4149,52,0,1,24,0,0
4150,4,33,0,18,6,0
4151,3,9,0,21,1,0
4152,2,29,0,19,12,0
4153,1,11,0,21,16,0
4154,3,35,0,15,7,0
4155,62,2,1,16,2,0
4156,3,19,0,12,4,0
4157,75,1,1,16,1,0
4158,78,2,1,2,1,0
4159,0,6,0,11,17,0
4160,1,14,0,15,15,0
4161,63,1,1,10,1,0
4162,2,5,0,20,8,0
4163,2,35,0,15,3,0
4164,4,12,0,19,3,0
4165,56,4,1,18,2,0
4166,0,8,0,20,12,0
4167,65,0,1,10,4,0
4168,70,4,1,21,5,0
4169,4,9,0,18,15,0
4170,74,3,1,10,5,0
4171,2,12,0,11,11,0
4172,4,30,0,11,9,0
4173,0,0,0,21,18,0
4174,4,39,0,18,0,0
4175,3,32,0,20,12,0
4176,4,39,0,17,16,0
4177,4,29,0,12,5,0
4178,0,32,0,19,11,0
4179,2,39,0,11,13,0
4180,3,26,0,17,16,0
4181,52,0,1,6,1,0
4182,1,19,0,15,1,0
4183,50,0,1,9,2,0
4184,3,7,0,13,13,0
4185,3,15,0,11,4,0
4186,1,10,0,20,11,0
4187,1,19,0,11,4,0
4188,69,1,1,6,2,0
4189,2,12,0,13,1,0
4190,4,26,0,18,17,0
4191,0,28,0,15,3,0
4192,1,24,0,19,4,0
4193,4,2,0,19,15,0
4194,77,1,1,13,1,0
4195,3,9,0,20,7,0
4196,4,12,0,13,12,0
4197,0,23,0,12,1,0
4198,52,3,1,12,3,0
4199,0,10,0,11,11,0
4200,0,14,0,21,11,0
4201,0,18,0,19,6,0
4202,52,2,1,6,3,0
4203,2,2,0,19,19,0
4204,0,36,0,21,0,0
4205,49,4,1,2,1,0
4206,0,4,0,20,9,0
4207,0,16,0,11,17,0
4208,44,1,1,11,5,0
4209,1,25,0,12,11,0
4210,1,12,0,15,0,0
4211,4,15,0,19,0,0
4212,76,0,1,19,1,0
4213,45,4,1,2,5,0
4214,68,0,1,12,4,0
4215,2,28,0,15,9,0
4216,2,12,0,11,5,0
4217,49,2,1,6,1,0
4218,0,27,0,12,14,0
4219,52,1,1,16,2,0
4220,66,1,1,11,5,0
4221,2,8,0,21,0,0
4222,4,23,0,17,13,0
4223,43,1,1,8,1,0
4224,70,4,1,21,1,0
4225,3,40,0,20,17,0
4226,46,3,1,7,2,0
4227,77,4,1,8,2,0
4228,48,0,1,5,1,0
4229,80,0,1,20,0,0
4230,4,39,0,15,7,0
4231,1,8,0,15,10,0
4232,52,1,1,8,4,0
4233,70,3,1,3,3,0
4234,2,19,0,20,18,0
4235,3,13,0,21,9,0
4236,48,1,1,23,5,0
4237,2,5,0,13,13,0
4238,71,3,1,21,5,0
4239,3,21,0,21,1,0
4240,3,3,0,19,10,0
4241,0,22,0,19,18,0
4242,67,1,1,20,0,0
4243,2,20,0,21,3,0
4244,58,4,1,11,4,0
4245,1,30,0,21,0,0
4246,2,37,0,19,3,0
4247,1,8,0,11,18,0
4248,1,10,0,18,17,0
4249,2,37,0,12,8,0
4250,1,28,0,11,10,0
4251,0,9,0,19,0,0
4252,0,38,0,11,9,0
4253,53,2,1,24,0,0
4254,43,4,1,21,0,0
4255,4,15,0,15,18,0
4256,3,5,0,20,14,0
4257,46,4,1,12,2,0
4258,3,8,0,20,15,0
4259,4,4,0,12,13,0
4260,2,5,0,13,0,0
4261,73,4,1,7,0,0
4262,76,4,1,8,3,0
4263,4,10,0,19,18,0
4264,66,3,1,23,5,0
4265,41,4,1,11,5,0
4266,4,22,0,19,10,0
4267,78,0,1,12,2,0
4268,1,21,0,19,1,0
4269,45,2,1,23,4,0
4270,49,4,1,14,1,0
4271,1,17,0,18,9,0
4272,2,4,0,12,2,0
4273,46,1,1,11,5,0
4274,0,21,0,12,12,0
4275,47,3,1,22,0,0
4276,79,4,1,20,1,0
4277,0,23,0,21,10,0
4278,3,12,0,15,0,0
4279,2,38,0,12,2,0
4280,70,4,1,4,1,0
4281,2,7,0,15,2,0
4282,63,4,1,22,4,0
4283,4,2,0,20,9,0
4284,46,0,1,18,4,0
4285,63,1,1,23,0,0
4286,3,1,0,18,18,0
4287,68,2,1,14,3,0
4288,4,15,0,11,13,0
4289,0,39,0,18,4,0
4290,47,1,1,4,5,0
4291,0,34,0,19,19,0
4292,71,1,1,19,3,0
4293,49,4,1,11,0,0
4294,3,29,0,20,4,0
4295,4,10,0,17,1,0
4296,4,28,0,15,19,0
4297,68,1,1,5,5,0
4298,2,39,0,11,13,0
4299,54,1,1,3,4,0
4300,80,0,1,10,5,0
4301,2,38,0,19,11,0
4302,2,6,0,13,8,0
4303,45,4,1,22,5,0
4304,69,1,1,13,1,0
4305,45,2,1,22,5,0
4306,59,4,1,23,3,0
4307,2,25,0,11,14,0
4308,70,0,1,13,1,0
4309,65,3,1,23,3,0
4310,75,3,1,8,3,0
4311,0,0,0,21,14,0
4312,69,4,1,9,4,0
4313,2,11,0,13,7,0
4314,55,0,1,3,5,0
4315,0,23,0,12,17,0
4316,60,3,1,10,4,0
4317,4,11,0,15,19,0
4318,68,4,1,11,3,0
4319,41,4,1,4,5,0
4320,3,29,0,19,6,0
4321,60,4,1,6,3,0
4322,2,38,0,17,2,0
4323,61,1,1,12,2,0
4324,2,15,0,21,3,0
4325,2,14,0,15,18,0
4326,73,3,1,23,5,0
4327,51,0,1,11,4,0
4328,3,28,0,20,11,0
4329,52,1,1,6,1,0
4330,70,1,1,16,5,0
4331,1,23,0,17,10,0
4332,0,22,0,18,6,0
4333,0,40,0,21,7,0
4334,3,11,0,11,4,0
4335,76,4,1,15,4,0
4336,54,2,1,8,0,0
4337,3,23,0,20,5,0
4338,0,33,0,19,10,0
4339,2,23,0,17,10,0
4340,2,34,0,15,15,0
4341,2,21,0,18,13,0
4342,2,39,0,15,15,0
4343,70,0,1,10,5,0
4344,3,6,0,15,3,0
4345,4,22,0,12,9,0
4346,75,3,1,22,2,0
4347,67,1,1,8,1,0
4348,48,2,1,12,4,0
4349,78,2,1,14,5,0
4350,41,0,1,12,0,0
4351,2,29,0,13,17,0
4352,48,1,1,16,2,0
4353,1,0,0,11,5,0
4354,57,0,1,11,2,0
4355,2,3,0,15,8,0
4356,4,2,0,17,8,0
4357,2,33,0,11,4,0
4358,70,3,1,15,4,0
4359,4,3,0,19,14,0
4360,2,39,0,13,14,0
4361,60,3,1,24,4,0
4362,53,4,1,9,3,0
4363,3,14,0,19,7,0
4364,57,3,1,16,2,0
4365,78,2,1,2,3,0
4366,55,3,1,13,4,0
4367,76,4,1,10,4,0
4368,4,38,0,17,13,0
4369,2,25,0,21,12,0
4370,3,16,0,12,13,0
4371,1,26,0,12,19,0
4372,4,20,0,13,8,0
4373,1,21,0,13,3,0
4374,47,1,1,7,3,0
4375,48,4,1,24,2,0
4376,63,4,1,5,3,0
4377,78,4,1,21,0,0
4378,73,3,1,6,1,0
4379,0,13,0,17,16,0
4380,62,4,1,3,1,0
4381,0,37,0,13,8,0
4382,3,11,0,21,5,0
4383,80,1,1,15,4,0
4384,77,1,1,7,2,0
4385,71,1,1,19,2,0
4386,48,4,1,14,0,0
4387,45,1,1,11,1,0
4388,2,37,0,20,10,0
4389,70,2,1,18,0,0
4390,2,1,0,12,7,0
4391,2,21,0,21,11,0
4392,53,1,1,13,3,0
4393,1,4,0,17,0,0
4394,45,3,1,7,1,0
4395,0,32,0,17,10,0
4396,78,1,1,3,0,0
4397,68,3,1,15,3,0
4398,65,1,1,6,5,0
4399,51,3,1,8,2,0
4400,1,35,0,19,15,0
4401,43,4,1,3,5,0
4402,2,23,0,15,15,0
4403,65,4,1,2,5,0
4404,4,2,0,13,7,0
4405,2,12,0,17,6,0
4406,45,0,1,17,2,0
4407,62,3,1,7,4,0
4408,4,32,0,13,17,0
4409,67,0,1,20,3,0
4410,3,14,0,17,8,0
4411,60,0,1,4,1,0
4412,73,4,1,3,1,0
4413,50,0,1,9,1,0
4414,74,1,1,15,0,0
4415,70,1,1,10,5,0
4416,79,0,1,12,3,0
4417,2,3,0,18,7,0
4418,79,4,1,5,0,0
4419,2,32,0,11,10,0
4420,74,2,1,23,5,0
4421,3,10,0,21,5,0
4422,50,0,1,20,5,0
4423,1,23,0,11,9,0
4424,74,4,1,7,0,0
4425,4,25,0,13,17,0
4426,70,1,1,19,0,0
4427,4,7,0,21,1,0
4428,52,2,1,8,4,0
4429,1,17,0,11,18,0
4430,4,26,0,11,7,0
4431,54,1,1,5,0,0
4432,0,40,0,13,18,0
4433,45,4,1,22,2,0
4434,70,4,1,24,4,0
4435,1,9,0,11,9,0
4436,2,33,0,15,17,0
4437,3,6,0,15,0,0
4438,0,12,0,15,12,0
4439,49,2,1,23,4,0
4440,3,2,0,13,11,0
4441,3,20,0,15,11,0
4442,2,1,0,19,1,0
4443,43,2,1,21,4,0
4444,51,1,1,9,3,0
4445,69,3,1,7,1,0
4446,1,23,0,20,7,0
4447,56,3,1,10,0,0
4448,1,4,0,15,13,0
4449,50,1,1,24,5,0
4450,66,4,1,17,3,0
4451,3,28,0,21,18,0
4452,0,33,0,18,14,0
4453,44,1,1,2,5,0
4454,0,10,0,13,7,0
4455,4,11,0,17,9,0
4456,1,27,0,17,11,0
4457,50,3,1,18,3,0
4458,3,24,0,17,17,0
4459,59,1,1,15,0,0
4460,2,37,0,19,9,0
4461,47,2,1,13,0,0
4462,71,3,1,17,4,0
4463,54,0,1,6,2,0
4464,50,3,1,7,0,0
4465,77,0,1,3,5,0
4466,54,2,1,2,0,0
4467,1,6,0,18,19,0
4468,2,30,0,12,17,0
4469,48,4,1,17,1,0
4470,0,2,0,15,4,0
4471,69,0,1,18,4,0
4472,60,1,1,21,2,0
4473,71,2,1,6,5,0
4474,0,37,0,19,2,0
4475,69,3,1,3,5,0
4476,2,33,0,19,8,0
4477,2,30,0,20,14,0
4478,4,38,0,19,1,0
4479,4,10,0,19,16,0
4480,3,40,0,20,4,0
4481,79,0,1,24,1,0
4482,47,0,1,10,0,0
4483,0,8,0,12,15,0
4484,1,27,0,19,17,0
4485,47,4,1,12,0,0
4486,65,4,1,16,5,0
4487,67,4,1,21,4,0
4488,4,24,0,17,2,0
4489,0,21,0,11,18,0
4490,1,5,0,15,1,0
4491,49,3,1,18,2,0
4492,44,4,1,9,0,0
4493,76,2,1,20,1,0
4494,0,34,0,13,7,0
4495,55,1,1,12,4,0
4496,0,28,0,21,5,0
4497,0,33,0,21,19,0
4498,0,30,0,17,3,0
4499,75,1,1,3,5,0
4500,63,3,1,24,2,0
4501,41,1,1,24,1,0
4502,4,24,0,21,4,0
4503,4,18,0,12,4,0
4504,77,4,1,4,1,0
4505,4,10,0,18,8,0
4506,0,8,0,21,6,0
4507,72,1,1,2,0,0
4508,65,3,1,5,4,0
4509,62,2,1,24,3,0
4510,43,2,1,14,3,0
4511,62,1,1,24,5,0
4512,4,31,0,19,1,0
4513,3,39,0,13,19,0
4514,53,3,1,8,0,0
4515,62,1,1,13,1,0
4516,4,17,0,11,7,0
4517,59,1,1,23,0,0
4518,71,3,1,7,1,0
4519,0,35,0,21,3,0
4520,4,38,0,17,18,0
4521,71,3,1,21,1,0
4522,57,3,1,14,3,0
4523,71,4,1,8,4,0
4524,57,4,1,15,4,0
4525,67,2,1,8,3,0
4526,43,2,1,10,2,0
4527,3,1,0,13,0,0
4528,0,40,0,17,11,0
4529,2,33,0,11,8,0
4530,4,37,0,13,2,0
4531,71,4,1,20,4,0
4532,52,3,1,21,0,0
4533,67,0,1,10,3,0
4534,1,1,0,20,8,0
4535,0,10,0,15,8,0
4536,3,22,0,11,2,0
4537,3,34,0,12,2,0
4538,57,0,1,11,4,0
4539,3,24,0,20,4,0
4540,2,32,0,18,19,0
4541,75,3,1,16,5,0
4542,3,16,0,19,11,0
4543,59,0,1,13,0,0
4544,2,27,0,19,1,0
4545,47,3,1,2,2,0
4546,73,1,1,23,1,0
4547,4,3,0,13,5,0
4548,73,4,1,20,0,0
4549,0,8,0,18,0,0
4550,62,0,1,22,5,0
4551,2,38,0,15,8,0
4552,53,2,1,16,2,0
4553,67,4,1,23,1,0
4554,46,4,1,21,4,0
4555,46,0,1,16,1,0
4556,72,4,1,6,1,0
4557,1,34,0,15,6,0
4558,0,3,0,17,18,0
4559,0,29,0,11,3,0
4560,0,26,0,12,15,0
4561,79,0,1,6,2,0
4562,64,1,1,4,3,0
4563,3,30,0,18,15,0
4564,1,35,0,17,2,0
4565,3,28,0,15,0,0
4566,0,25,0,11,16,0
4567,1,36,0,15,18,0
4568,0,3,0,21,19,0
4569,48,1,1,8,4,0
4570,2,19,0,12,5,0
4571,0,28,0,21,12,0
4572,80,2,1,4,1,0
4573,1,22,0,19,10,0
4574,2,33,0,19,1,0
4575,57,2,1,2,0,0
4576,62,3,1,10,3,0
4577,2,38,0,19,18,0
4578,0,26,0,21,5,0
4579,47,0,1,19,0,0
4580,51,0,1,19,2,0
4581,51,1,1,21,3,0
4582,54,4,1,19,5,0
4583,42,4,1,9,1,0
4584,0,25,0,21,15,0
4585,1,22,0,13,7,0
4586,1,22,0,15,2,0
4587,0,10,0,13,5,0
4588,2,34,0,18,8,0
4589,75,4,1,16,1,0
4590,4,3,0,18,1,0
4591,0,22,0,11,7,0
4592,1,35,0,15,18,0
4593,1,22,0,12,0,0
4594,4,11,0,21,15,0
4595,1,18,0,12,6,0
4596,45,2,1,8,4,0
4597,4,21,0,18,2,0
4598,3,24,0,17,7,0
4599,3,11,0,15,8,0
4600,80,2,1,11,1,0
4601,1,19,0,19,12,0
4602,3,24,0,13,1,0
4603,48,3,1,14,3,0
4604,1,26,0,15,10,0
4605,0,32,0,11,14,0
4606,4,34,0,20,6,0
4607,62,0,1,20,4,0
4608,2,15,0,13,0,0
4609,2,4,0,11,8,0
4610,4,36,0,19,11,0
4611,75,4,1,3,0,0
4612,0,21,0,11,11,0
4613,77,0,1,17,5,0
4614,54,0,1,2,5,0
4615,3,32,0,17,9,0
4616,46,2,1,16,2,0
4617,76,3,1,11,5,0
4618,1,13,0,11,4,0
4619,74,2,1,24,4,0
4620,4,0,0,19,0,0
4621,43,3,1,23,1,0
4622,66,0,1,10,2,0
4623,1,37,0,19,11,0
4624,4,4,0,12,1,0
4625,73,4,1,17,4,0
4626,54,4,1,5,1,0
4627,2,37,0,12,5,0
4628,1,33,0,12,2,0
4629,0,40,0,15,3,0
4630,48,3,1,11,2,0
4631,52,3,1,19,3,0
4632,4,21,0,11,8,0
4633,1,36,0,20,18,0
4634,0,24,0,15,12,0
4635,3,13,0,17,10,0
4636,0,25,0,15,2,0
4637,3,38,0,12,1,0
4638,4,38,0,19,8,0
4639,3,20,0,20,17,0
4640,51,2,1,6,1,0
4641,42,3,1,20,4,0
4642,0,15,0,19,3,0
4643,79,1,1,22,2,0
4644,1,6,0,17,13,0
4645,72,4,1,23,0,0
4646,2,28,0,11,19,0
4647,0,40,0,17,11,0
4648,2,0,0,13,9,0
4649,2,36,0,19,2,0
4650,79,2,1,12,5,0
4651,68,3,1,2,3,0
4652,60,0,1,16,2,0
4653,43,2,1,24,2,0
4654,3,40,0,20,16,0
4655,74,1,1,12,2,0
4656,56,2,1,4,2,0
4657,0,27,0,17,1,0
4658,55,0,1,23,5,0
4659,69,3,1,19,1,0
4660,2,6,0,18,5,0
4661,1,24,0,17,9,0
4662,2,9,0,13,12,0
4663,50,2,1,4,3,0
4664,80,3,1,14,5,0
4665,2,13,0,19,18,0
4666,43,0,1,12,0,0
4667,54,4,1,13,0,0
4668,64,4,1,12,0,0
4669,1,36,0,17,10,0
4670,69,2,1,20,0,0
4671,79,4,1,17,4,0
4672,71,1,1,11,4,0
4673,46,4,1,20,1,0
4674,2,1,0,17,19,0
4675,57,4,1,24,4,0
4676,63,3,1,6,1,0
4677,47,4,1,18,5,0
4678,70,0,1,6,5,0
4679,56,2,1,6,1,0
4680,44,0,1,4,2,0
4681,3,13,0,17,14,0
4682,62,2,1,18,5,0
4683,0,10,0,17,5,0
4684,2,10,0,20,7,0
4685,3,20,0,13,9,0
4686,80,4,1,18,2,0
4687,60,1,1,23,0,0
4688,51,3,1,13,1,0
4689,56,3,1,20,3,0
4690,3,28,0,11,14,0
4691,4,16,0,11,7,0
4692,41,1,1,18,1,0
4693,54,0,1,16,1,0
4694,59,3,1,11,0,0
4695,42,2,1,13,5,0
4696,1,0,0,21,0,0
4697,0,37,0,11,15,0
4698,70,0,1,16,0,0
4699,1,4,0,11,16,0
4700,52,0,1,4,2,0
4701,2,5,0,15,9,0
4702,68,3,1,10,4,0
4703,4,29,0,18,3,0
4704,78,4,1,7,3,0
4705,1,25,0,13,17,0
4706,0,38,0,17,13,0
4707,54,0,1,12,3,0
4708,4,31,0,19,15,0
4709,57,0,1,5,1,0
4710,41,1,1,6,0,0
4711,4,14,0,15,5,0
4712,2,32,0,17,3,0
4713,4,1,0,18,13,0
4714,4,12,0,13,19,0
4715,0,9,0,15,14,0
4716,44,2,1,12,5,0
4717,1,5,0,15,12,0
4718,4,26,0,21,17,0
4719,45,0,1,5,0,0
4720,3,20,0,18,3,0
4721,0,36,0,20,0,0
4722,73,0,1,6,0,0
4723,42,2,1,13,0,0
4724,4,16,0,21,4,0
4725,0,1,0,20,12,0
4726,48,0,1,22,0,0
4727,1,16,0,18,19,0
4728,4,22,0,17,7,0
4729,73,2,1,23,0,0
4730,2,9,0,21,8,0
4731,69,1,1,8,5,0
4732,4,31,0,11,0,0
4733,4,31,0,18,2,0
4734,77,4,1,8,1,0
4735,1,15,0,18,13,0
4736,56,1,1,13,2,0
4737,58,1,1,18,3,0
4738,2,16,0,11,4,0
4739,4,13,0,18,14,0
4740,0,11,0,11,16,0
4741,80,4,1,17,5,0
4742,2,20,0,18,3,0
4743,1,6,0,15,12,0
4744,55,3,1,8,3,0
4745,66,3,1,12,3,0
4746,4,7,0,12,15,0
4747,68,1,1,8,2,0
4748,2,6,0,12,7,0
4749,46,3,1,10,2,0
4750,70,0,1,3,5,0
4751,4,16,0,15,10,0
4752,3,8,0,19,16,0
4753,3,3,0,15,8,0
4754,74,4,1,21,1,0
4755,2,36,0,21,14,0
4756,2,13,0,21,2,0
4757,70,1,1,18,4,0
4758,4,35,0,12,12,0
4759,1,12,0,11,11,0
4760,4,39,0,21,15,0
4761,2,19,0,12,18,0
4762,67,2,1,4,1,0
4763,1,28,0,19,15,0
4764,4,20,0,17,4,0
4765,4,22,0,11,0,0
4766,4,18,0,19,8,0
4767,77,4,1,24,4,0
4768,48,1,1,4,5,0
4769,56,1,1,19,3,0
4770,45,4,1,5,2,0
4771,66,3,1,13,3,0
4772,52,0,1,11,0,0
4773,2,12,0,13,7,0
4774,74,2,1,9,5,0
4775,4,14,0,18,11,0
4776,59,2,1,21,3,0
4777,63,0,1,19,3,0
4778,48,1,1,10,1,0
4779,2,30,0,21,15,0
4780,64,1,1,16,4,0
4781,74,3,1,13,0,0
4782,1,37,0,18,0,0
4783,77,1,1,14,4,0
4784,0,8,0,12,4,0
4785,1,13,0,11,11,0
4786,80,1,1,18,0,0
4787,72,2,1,13,1,0
4788,57,1,1,23,2,0
4789,1,0,0,18,7,0
4790,2,34,0,19,15,0
4791,0,31,0,17,5,0
4792,75,3,1,14,4,0
4793,4,11,0,21,12,0
4794,0,33,0,13,18,0
4795,0,7,0,17,18,0
4796,73,2,1,8,4,0
4797,69,1,1,7,5,0
4798,79,2,1,18,1,0
4799,47,1,1,16,0,0
4800,74,2,1,3,2,0
4801,0,19,0,13,12,0
4802,3,40,0,12,8,0
4803,47,2,1,5,0,0
4804,1,15,0,21,16,0
4805,2,7,0,19,18,0
4806,49,1,1,4,3,0
4807,48,4,1,2,0,0
4808,75,3,1,6,4,0
4809,44,0,1,13,0,0
4810,4,4,0,19,9,0
4811,79,4,1,12,3,0
4812,47,3,1,20,5,0
4813,2,4,0,17,19,0
4814,4,2,0,11,7,0
4815,2,16,0,11,13,0
4816,74,2,1,3,3,0
4817,74,0,1,14,0,0
4818,1,24,0,21,9,0
4819,4,24,0,15,17,0
4820,2,25,0,19,18,0
4821,77,2,1,13,4,0
4822,64,3,1,20,0,0
4823,4,24,0,17,17,0
4824,80,2,1,4,2,0
4825,0,12,0,12,18,0
4826,79,3,1,19,1,0
4827,75,2,1,13,2,0
4828,58,4,1,12,4,0
4829,2,24,0,12,10,0
4830,68,3,1,2,1,0
4831,49,1,1,15,2,0
4832,1,5,0,11,10,0
4833,45,4,1,12,3,0
4834,0,7,0,17,4,0
4835,4,28,0,11,18,0
4836,3,37,0,12,0,0
4837,76,4,1,7,3,0
4838,3,25,0,20,16,0
4839,59,0,1,23,3,0
4840,1,10,0,21,5,0
4841,79,4,1,24,2,0
4842,77,4,1,8,1,0
4843,78,2,1,6,4,0
4844,54,2,1,8,1,0
4845,1,34,0,11,11,0
4846,1,2,0,12,2,0
4847,69,4,1,18,1,0
4848,71,4,1,13,1,0
4849,55,0,1,9,4,0
4850,4,1,0,18,14,0
4851,4,25,0,20,9,0
4852,3,11,0,17,15,0
4853,4,29,0,12,2,0
4854,4,15,0,20,7,0
4855,2,9,0,19,9,0
4856,0,16,0,11,17,0
4857,78,3,1,15,0,0
4858,46,3,1,15,2,0
4859,44,0,1,9,2,0
4860,1,10,0,13,18,0
4861,1,5,0,17,10,0
4862,4,32,0,18,9,0
4863,42,0,1,18,5,0
4864,66,3,1,6,4,0
4865,44,3,1,23,4,0
4866,76,1,1,21,1,0
4867,59,4,1,19,0,0
4868,76,2,1,13,4,0
4869,4,40,0,11,7,0
4870,60,2,1,7,5,0
4871,3,39,0,11,5,0
4872,63,4,1,20,5,0
4873,0,38,0,17,8,0
4874,72,4,1,2,2,0
4875,57,4,1,2,5,0
4876,3,30,0,21,7,0
4877,48,1,1,10,3,0
4878,80,0,1,12,3,0
4879,1,0,0,20,17,0
4880,1,5,0,18,13,0
4881,3,23,0,17,17,0
4882,61,3,1,3,0,0
4883,1,36,0,13,5,0
4884,3,5,0,12,1,0
4885,4,32,0,20,4,0
4886,56,2,1,10,3,0
4887,0,34,0,15,15,0
4888,4,14,0,17,5,0
4889,77,1,1,17,5,0
4890,1,21,0,21,3,0
4891,76,3,1,22,3,0
4892,4,19,0,12,0,0
4893,0,15,0,19,10,0
4894,78,0,1,13,1,0
4895,0,33,0,13,11,0
4896,59,4,1,12,0,0
4897,41,0,1,12,0,0
4898,50,0,1,16,2,0
4899,3,3,0,12,10,0
4900,79,1,1,5,3,0
4901,1,8,0,18,6,0
4902,77,0,1,23,1,0
4903,2,11,0,17,5,0
4904,3,23,0,20,9,0
4905,69,4,1,18,1,0
4906,3,28,0,15,6,0
4907,2,9,0,11,0,0
4908,3,17,0,21,1,0
4909,79,1,1,23,3,0
4910,59,3,1,12,0,0
4911,41,0,1,11,2,0
4912,4,4,0,15,7,0
4913,62,2,1,17,1,0
4914,60,0,1,12,1,0
4915,3,15,0,12,16,0
4916,67,4,1,3,1,0
4917,66,1,1,18,0,0
4918,45,2,1,9,5,0
4919,1,9,0,21,16,0
4920,4,34,0,11,14,0
4921,59,1,1,3,5,0
4922,73,1,1,5,5,0
4923,4,22,0,12,7,0
4924,69,3,1,20,2,0
4925,2,4,0,15,17,0
4926,0,26,0,21,0,0
4927,2,12,0,12,16,0
4928,4,40,0,19,13,0
4929,79,0,1,5,5,0
4930,73,3,1,11,0,0
4931,55,2,1,6,5,0
4932,73,4,1,14,3,0
4933,45,4,1,9,0,0
4934,0,24,0,11,18,0
4935,3,30,0,21,9,0
4936,4,25,0,13,2,0
4937,0,30,0,17,14,0
4938,2,26,0,20,2,0
4939,47,3,1,3,3,0
4940,79,2,1,10,1,0
4941,52,3,1,22,1,0
4942,3,38,0,15,9,0
4943,3,13,0,19,7,0
4944,3,15,0,21,18,0
4945,51,1,1,10,5,0
4946,2,23,0,12,0,0
4947,42,3,1,23,3,0
4948,59,1,1,9,5,0
4949,74,2,1,7,2,0
4950,72,0,1,10,1,0
4951,56,2,1,17,5,0
4952,72,0,1,3,3,0
4953,4,28,0,17,5,0
4954,3,16,0,12,1,0
4955,46,4,1,22,4,0
4956,3,7,0,15,7,0
4957,3,4,0,18,17,0
4958,47,3,1,11,1,0
4959,2,33,0,20,10,0
4960,4,22,0,13,5,0
4961,52,3,1,5,0,0
4962,74,1,1,9,1,0
4963,4,37,0,13,4,0
4964,3,25,0,17,19,0
4965,0,33,0,13,18,0
4966,4,0,0,12,12,0
4967,0,10,0,13,19,0
4968,61,3,1,13,2,0
4969,3,33,0,12,4,0
4970,50,0,1,11,3,0
4971,54,0,1,18,2,0
4972,4,7,0,13,0,0
4973,62,1,1,13,5,0
4974,3,7,0,11,4,0
4975,2,9,0,11,4,0
4976,47,1,1,11,0,0
4977,4,34,0,20,4,0
4978,4,27,0,11,17,0
4979,60,0,1,2,2,0
4980,1,24,0,21,4,0
4981,67,2,1,22,5,0
4982,70,2,1,23,4,0
4983,65,3,1,12,3,0
4984,4,22,0,13,0,0
4985,69,2,1,9,4,0
4986,64,1,1,13,4,0
4987,67,3,1,2,4,0
4988,4,12,0,17,10,0
4989,3,10,0,11,9,0
4990,0,6,0,15,3,0
4991,47,1,1,19,2,0
4992,3,31,0,18,18,0
4993,70,3,1,8,2,0
4994,0,33,0,19,13,0
4995,62,2,1,21,0,0
4996,3,2,0,20,18,0
4997,74,0,1,21,4,0
4998,65,3,1,5,3,0
4999,51,1,1,15,5,0
5000,50,3,1,9,5,0
