5
1,41,3,1,6,3,0
2,66,1,1,13,2,0
3,77,2,1,20,3,0
4,62,4,1,8,5,0
5,79,4,1,19,1,0
6,50,2,1,19,5,0
7,64,0,1,3,4,0
8,80,3,1,5,3,0
9,3,0,0,21,19,0
10,64,3,1,21,2,0
11,52,2,1,19,0,0
12,48,4,1,11,1,0
13,71,4,1,7,5,0
14,3,35,0,19,4,0
15,52,4,1,14,3,0
16,72,0,1,24,4,0
17,4,39,0,20,2,0
18,3,11,0,20,12,0
19,3,15,0,18,19,0
20,2,30,0,19,14,0
21,1,19,0,17,3,0
22,53,4,1,15,5,0
23,43,3,1,12,5,0
24,70,0,1,7,3,0
25,48,4,1,24,0,0
26,4,23,0,11,3,0
27,64,3,1,14,3,0
28,1,25,0,21,18,0
29,3,30,0,13,12,0
30,63,2,1,2,1,0
31,60,2,1,14,4,0
32,68,1,1,22,5,0
33,74,2,1,14,0,0
34,3,11,0,15,6,0
35,62,0,1,6,2,0
36,55,0,1,4,0,0
37,0,6,0,18,14,0
38,1,26,0,11,13,0
39,4,8,0,11,18,0
40,77,2,1,13,3,0
41,69,2,1,12,3,0
42,0,2,0,13,14,0
43,79,1,1,20,3,0
44,74,4,1,11,4,0
45,1,14,0,15,17,0
46,60,2,1,15,1,0
47,74,3,1,2,1,0
48,41,1,1,10,0,0
49,0,21,0,13,4,0
50,4,33,0,17,5,0
51,4,10,0,11,2,0
52,72,1,1,8,3,0
53,2,11,0,18,11,0
54,58,3,1,18,0,0
55,3,3,0,11,3,0
56,61,2,1,17,3,0
57,76,4,1,16,2,0
58,4,37,0,20,13,0
59,75,0,1,20,3,0
60,3,4,0,15,10,0
61,54,4,1,6,0,0
62,0,40,0,17,2,0
63,3,7,0,11,2,0
64,0,13,0,18,6,0
65,44,2,1,7,1,0
66,57,4,1,22,5,0
67,3,35,0,20,10,0
68,2,28,0,21,13,0
69,4,33,0,19,3,0
70,73,0,1,21,5,0
71,0,27,0,13,1,0
72,0,14,0,20,19,0
73,1,39,0,11,19,0
74,1,10,0,21,2,0
75,72,2,1,6,0,0
76,63,1,1,15,5,0
77,46,0,1,18,2,0
78,58,3,1,9,3,0
79,2,30,0,15,14,0
80,1,5,0,21,18,0
81,4,6,0,15,10,0
82,43,0,1,13,5,0
83,1,35,0,21,3,0
84,80,2,1,22,2,0
85,2,31,0,12,17,0
86,70,1,1,21,1,0
87,2,32,0,17,14,0
88,41,0,1,3,1,0
89,3,0,0,21,17,0
90,45,2,1,16,4,0
91,69,0,1,7,4,0
92,57,4,1,13,2,0
93,69,1,1,10,1,0
94,58,3,1,19,0,0
95,46,3,1,8,2,0
96,59,4,1,7,1,0
97,4,40,0,21,4,0
98,50,1,1,6,3,0
99,4,2,0,15,3,0
100,61,2,1,20,1,0
101,54,2,1,16,2,0
102,43,1,1,7,2,0
103,1,31,0,20,9,0
104,72,2,1,21,5,0
105,2,4,0,12,11,0
106,4,34,0,11,10,0
107,55,3,1,19,4,0
108,2,25,0,13,10,0
109,74,4,1,16,0,0
110,67,1,1,3,0,0
111,46,0,1,15,2,0
112,0,19,0,11,18,0
113,55,0,1,20,2,0
114,0,38,0,21,7,0
115,49,3,1,12,3,0
116,4,12,0,21,5,0
117,72,0,1,7,4,0
118,47,0,1,7,0,0
119,77,1,1,3,2,0
120,0,27,0,18,8,0
121,1,15,0,13,8,0
122,44,2,1,15,2,0
123,3,18,0,18,19,0
124,47,4,1,18,3,0
125,2,38,0,13,12,0
126,2,17,0,17,6,0
127,4,14,0,21,8,0
128,4,29,0,18,3,0
129,0,29,0,17,6,0
130,0,23,0,18,14,0
131,2,20,0,11,18,0
132,2,32,0,15,12,0
133,80,4,1,5,4,0
134,56,4,1,14,3,0
135,2,39,0,15,4,0
136,53,0,1,16,4,0
137,2,21,0,17,4,0
138,4,40,0,21,18,0
139,65,3,1,19,2,0
140,2,27,0,18,19,0
141,78,3,1,11,2,0
142,53,1,1,24,3,0
143,77,2,1,14,1,0
144,52,1,1,9,5,0
145,4,20,0,13,4,0
146,75,1,1,23,3,0
147,2,10,0,13,18,0
148,4,4,0,18,15,0
149,1,32,0,13,0,0
150,46,2,1,2,2,0
151,62,0,1,19,5,0
152,1,4,0,11,15,0
153,65,3,1,4,4,0
154,64,2,1,17,1,0
155,51,3,1,18,3,0
156,63,2,1,2,5,0
157,1,30,0,17,9,0
158,44,4,1,13,3,0
159,47,0,1,7,0,0
160,1,31,0,20,7,0
161,71,1,1,6,5,0
162,49,0,1,17,1,0
163,80,4,1,13,0,0
164,55,0,1,2,1,0
165,4,16,0,15,5,0
166,2,22,0,13,13,0
167,3,16,0,20,1,0
168,2,32,0,12,4,0
169,72,4,1,22,2,0
170,0,15,0,13,3,0
171,49,0,1,12,4,0
172,60,4,1,19,0,0
173,79,2,1,5,2,0
174,0,37,0,13,18,0
175,1,25,0,20,7,0
176,3,14,0,21,8,0
177,0,12,0,12,15,0
178,42,1,1,22,2,0
179,1,16,0,15,6,0
180,45,3,1,20,0,0
181,76,2,1,18,5,0
182,60,0,1,3,3,0
183,4,34,0,21,8,0
184,4,24,0,20,12,0
185,3,9,0,20,15,0
186,53,2,1,4,3,0
187,74,4,1,6,3,0
188,62,0,1,6,0,0
189,73,1,1,6,3,0
190,61,4,1,9,4,0
191,0,5,0,15,2,0
192,1,21,0,20,5,0
193,48,1,1,3,0,0
194,2,7,0,19,6,0
195,41,3,1,18,5,0
196,0,11,0,17,19,0
197,4,21,0,11,9,0
198,49,2,1,9,2,0
199,64,3,1,14,5,0
200,41,1,1,15,5,0
201,60,4,1,22,1,0
202,41,3,1,10,3,0
203,50,3,1,8,4,0
204,0,27,0,17,7,0
205,56,1,1,22,0,0
206,45,1,1,11,2,0
207,3,14,0,17,7,0
208,69,3,1,14,5,0
209,61,0,1,24,4,0
210,3,17,0,17,10,0
211,74,0,1,2,5,0
212,72,4,1,7,3,0
213,2,36,0,18,17,0
214,3,5,0,12,5,0
215,3,1,0,21,12,0
216,0,22,0,18,18,0
217,51,4,1,10,4,0
218,1,1,0,12,12,0
219,4,26,0,19,17,0
220,4,27,0,19,14,0
221,3,20,0,17,2,0
222,0,17,0,18,3,0
223,2,6,0,12,12,0
224,0,39,0,17,5,0
225,64,3,1,20,5,0
226,64,4,1,23,1,0
227,64,2,1,13,4,0
228,0,16,0,11,17,0
229,0,40,0,18,5,0
230,46,3,1,14,3,0
231,2,19,0,19,5,0
232,50,4,1,7,3,0
233,3,10,0,15,10,0
234,0,7,0,21,10,0
235,47,3,1,6,4,0
236,0,24,0,21,9,0
237,41,3,1,6,1,0
238,69,4,1,3,2,0
239,76,3,1,6,4,0
240,49,2,1,19,1,0
241,3,4,0,18,4,0
242,78,2,1,12,3,0
243,3,0,0,19,12,0
244,1,0,0,20,10,0
245,62,1,1,21,2,0
246,2,11,0,18,7,0
247,4,34,0,13,5,0
248,3,3,0,17,10,0
249,52,2,1,12,1,0
250,4,20,0,19,11,0
251,78,1,1,3,5,0
252,1,2,0,21,16,0
253,68,2,1,14,4,0
254,74,1,1,18,3,0
255,2,19,0,13,7,0
256,51,2,1,20,3,0
257,4,10,0,11,16,0
258,3,3,0,17,9,0
259,3,5,0,12,2,0
260,0,5,0,17,9,0
261,0,1,0,21,15,0
262,4,29,0,11,8,0
263,1,21,0,17,16,0
264,4,4,0,21,15,0
265,58,3,1,21,4,0
266,65,2,1,24,1,0
267,4,27,0,11,18,0
268,43,1,1,22,1,0
269,2,2,0,15,19,0
270,0,15,0,20,14,0
271,0,31,0,21,1,0
272,4,25,0,20,3,0
273,79,1,1,2,4,0
274,2,15,0,11,9,0
275,3,9,0,19,14,0
276,2,23,0,18,6,0
277,0,6,0,21,11,0
278,55,3,1,23,4,0
279,1,2,0,12,3,0
280,76,2,1,20,2,0
281,4,27,0,18,12,0
282,2,19,0,13,19,0
283,0,15,0,13,12,0
284,3,23,0,11,18,0
285,52,3,1,18,3,0
286,44,4,1,13,0,0
287,4,14,0,18,9,0
288,51,1,1,13,0,0
289,0,31,0,19,18,0
290,43,2,1,21,0,0
291,65,1,1,5,5,0
292,52,4,1,4,5,0
293,0,1,0,20,17,0
294,73,2,1,15,3,0
295,3,31,0,12,5,0
296,48,0,1,10,4,0
297,61,2,1,24,1,0
298,48,2,1,3,2,0
299,58,3,1,12,3,0
300,0,35,0,11,8,0
301,1,17,0,13,6,0
302,49,2,1,7,2,0
303,73,4,1,3,0,0
304,0,33,0,11,9,0
305,0,23,0,18,6,0
306,1,21,0,13,3,0
307,48,2,1,20,3,0
308,1,34,0,13,9,0
309,1,21,0,18,5,0
310,3,37,0,11,13,0
311,65,1,1,13,3,0
312,64,4,1,13,5,0
313,2,9,0,15,13,0
314,43,4,1,23,2,0
315,65,0,1,2,5,0
316,4,3,0,21,10,0
317,46,0,1,5,4,0
318,80,3,1,24,2,0
319,75,4,1,16,5,0
320,1,4,0,20,15,0
321,0,31,0,21,7,0
322,0,10,0,11,18,0
323,80,1,1,16,5,0
324,0,7,0,17,0,0
325,4,24,0,20,0,0
326,61,2,1,4,5,0
327,50,2,1,3,0,0
328,62,2,1,8,1,0
329,54,1,1,15,1,0
330,75,3,1,22,3,0
331,0,37,0,17,4,0
332,61,4,1,20,3,0
333,75,2,1,10,0,0
334,42,0,1,24,3,0
335,1,15,0,19,0,0
336,1,16,0,17,11,0
337,0,35,0,19,7,0
338,1,22,0,12,11,0
339,1,2,0,12,5,0
340,74,1,1,15,2,0
341,74,3,1,18,3,0
342,2,11,0,11,13,0
343,74,1,1,8,4,0
344,47,4,1,22,5,0
345,3,16,0,18,16,0
346,0,7,0,13,11,0
347,51,2,1,14,5,0
348,4,27,0,20,3,0
349,70,0,1,5,2,0
350,4,13,0,19,14,0
351,76,0,1,24,5,0
352,60,4,1,2,4,0
353,68,4,1,4,4,0
354,4,36,0,15,6,0
355,59,3,1,14,5,0
356,48,1,1,19,0,0
357,0,23,0,11,16,0
358,76,4,1,14,0,0
359,4,28,0,17,8,0
360,1,19,0,20,10,0
361,67,0,1,2,0,0
362,76,0,1,8,1,0
363,72,1,1,14,3,0
364,43,1,1,4,0,0
365,0,33,0,21,9,0
366,77,4,1,10,2,0
367,70,0,1,23,5,0
368,0,34,0,13,8,0
369,1,32,0,12,6,0
370,80,1,1,23,0,0
371,4,29,0,11,7,0
372,76,4,1,12,5,0
373,4,6,0,17,11,0
374,47,4,1,2,4,0
375,3,13,0,19,14,0
376,45,1,1,22,0,0
377,0,35,0,21,5,0
378,66,1,1,14,4,0
379,58,1,1,19,5,0
380,71,3,1,18,1,0
381,63,3,1,3,3,0
382,68,1,1,19,0,0
383,42,2,1,17,2,0
384,65,3,1,2,1,0
385,52,0,1,6,5,0
386,68,3,1,16,3,0
387,3,4,0,21,18,0
388,2,24,0,17,14,0
389,65,2,1,6,5,0
390,4,22,0,11,16,0
391,67,3,1,24,4,0
392,1,27,0,19,4,0
393,3,9,0,11,8,0
394,67,0,1,10,5,0
395,51,2,1,18,3,0
396,62,0,1,16,3,0
397,46,0,1,2,2,0
398,51,3,1,24,0,0
399,4,30,0,11,3,0
400,3,10,0,17,3,0
401,46,2,1,5,3,0
402,58,0,1,4,5,0
403,3,30,0,17,5,0
404,75,3,1,15,5,0
405,1,31,0,20,14,0
406,2,7,0,21,16,0
407,2,13,0,20,6,0
408,69,4,1,15,1,0
409,67,1,1,5,4,0
410,1,12,0,11,4,0
411,1,13,0,11,18,0
412,0,18,0,15,1,0
413,4,9,0,18,5,0
414,77,3,1,2,5,0
415,61,2,1,9,4,0
416,41,3,1,14,0,0
417,80,2,1,2,0,0
418,77,1,1,7,4,0
419,60,0,1,11,3,0
420,61,2,1,19,3,0
421,79,4,1,4,5,0
422,1,21,0,17,5,0
423,3,37,0,19,19,0
424,56,2,1,3,4,0
425,77,3,1,22,5,0
426,0,9,0,18,19,0
427,78,1,1,18,1,0
428,3,20,0,15,7,0
429,3,18,0,12,14,0
430,0,10,0,21,18,0
431,0,1,0,13,6,0
432,3,9,0,15,19,0
433,2,12,0,19,2,0
434,0,20,0,19,15,0
435,2,11,0,21,10,0
436,1,31,0,20,0,0
437,69,4,1,11,5,0
438,1,34,0,15,19,0
439,3,24,0,12,15,0
440,41,1,1,14,4,0
441,43,0,1,19,5,0
442,1,14,0,13,2,0
443,76,1,1,3,3,0
444,72,0,1,21,2,0
445,72,1,1,19,1,0
446,49,2,1,14,2,0
447,2,17,0,13,11,0
448,54,0,1,6,0,0
449,1,34,0,19,3,0
450,0,11,0,15,7,0
451,2,22,0,13,16,0
452,80,3,1,13,4,0
453,77,4,1,21,4,0
454,54,4,1,8,0,0
455,0,37,0,12,0,0
456,4,35,0,11,3,0
457,72,3,1,15,0,0
458,0,29,0,12,8,0
459,3,24,0,21,3,0
460,2,6,0,21,3,0
461,60,4,1,9,3,0
462,2,9,0,21,18,0
463,2,23,0,17,7,0
464,1,40,0,21,19,0
465,66,0,1,21,3,0
466,1,18,0,19,2,0
467,53,1,1,24,5,0
468,55,0,1,15,1,0
469,79,2,1,14,1,0
470,1,29,0,13,9,0
471,51,0,1,24,1,0
472,48,2,1,11,2,0
473,0,15,0,17,4,0
474,76,3,1,24,4,0
475,73,3,1,8,4,0
476,45,2,1,19,1,0
477,71,4,1,17,0,0
478,44,3,1,10,3,0
479,77,0,1,10,0,0
480,49,2,1,22,2,0
481,0,8,0,12,18,0
482,4,9,0,11,13,0
483,1,38,0,13,0,0
484,45,4,1,9,5,0
485,67,4,1,14,0,0
486,52,0,1,14,3,0
487,75,4,1,5,5,0
488,3,32,0,20,18,0
489,48,4,1,23,5,0
490,77,2,1,21,3,0
491,50,1,1,6,4,0
492,4,21,0,13,18,0
493,50,3,1,16,3,0
494,73,2,1,5,2,0
495,0,22,0,15,15,0
496,0,31,0,18,10,0
497,56,4,1,11,0,0
498,4,24,0,19,4,0
499,63,4,1,17,0,0
500,49,4,1,4,5,0
501,75,0,1,11,3,0
502,51,1,1,5,5,0
503,54,0,1,19,1,0
504,49,3,1,12,2,0
505,50,4,1,5,2,0
506,58,4,1,10,2,0
507,46,0,1,23,1,0
508,1,33,0,21,9,0
509,61,1,1,14,0,0
510,59,3,1,13,1,0
511,1,29,0,17,3,0
512,52,0,1,11,1,0
513,69,0,1,5,2,0
514,68,4,1,3,5,0
515,4,37,0,21,2,0
516,0,2,0,17,5,0
517,58,1,1,16,0,0
518,78,1,1,4,1,0
519,51,0,1,9,3,0
520,2,30,0,17,8,0
521,3,1,0,17,0,0
522,64,2,1,21,5,0
523,56,4,1,15,2,0
524,1,5,0,15,6,0
525,74,3,1,13,4,0
526,77,4,1,2,5,0
527,4,23,0,19,19,0
528,2,26,0,20,19,0
529,63,4,1,12,4,0
530,47,3,1,6,2,0
531,80,0,1,22,1,0
532,3,29,0,18,6,0
533,58,4,1,9,1,0
534,60,3,1,8,4,0
535,4,34,0,12,17,0
536,2,24,0,18,12,0
537,73,3,1,22,4,0
538,57,2,1,10,4,0
539,41,2,1,4,0,0
540,0,38,0,21,4,0
541,51,3,1,24,1,0
542,1,15,0,21,13,0
543,0,32,0,17,2,0
544,73,1,1,6,5,0
545,0,10,0,21,6,0
546,1,27,0,17,1,0
547,69,2,1,14,0,0
548,76,2,1,4,2,0
549,67,2,1,24,4,0
550,2,34,0,13,9,0
551,78,0,1,15,1,0
552,79,2,1,20,4,0
553,0,4,0,11,8,0
554,4,38,0,13,18,0
555,1,31,0,20,9,0
556,1,33,0,20,18,0
557,56,1,1,5,2,0
558,4,36,0,11,9,0
559,72,4,1,21,0,0
560,77,3,1,3,4,0
561,2,11,0,20,1,0
562,1,14,0,15,12,0
563,3,3,0,20,6,0
564,78,1,1,2,3,0
565,0,7,0,17,8,0
566,2,17,0,17,7,0
567,49,1,1,14,0,0
568,0,8,0,13,1,0
569,75,1,1,3,0,0
570,0,34,0,19,17,0
571,0,8,0,19,0,0
572,0,10,0,13,14,0
573,63,3,1,22,3,0
574,46,4,1,22,3,0
575,0,24,0,11,4,0
576,44,3,1,6,5,0
577,1,39,0,21,9,0
578,51,1,1,17,5,0
579,67,0,1,8,0,0
580,4,27,0,15,14,0
581,66,3,1,15,2,0
582,75,2,1,17,0,0
583,1,19,0,18,2,0
584,79,0,1,15,4,0
585,3,2,0,20,9,0
586,4,40,0,13,14,0
587,3,0,0,17,8,0
588,1,3,0,19,3,0
589,50,0,1,23,5,0
590,1,9,0,17,8,0
591,3,17,0,20,16,0
592,50,4,1,15,4,0
593,4,7,0,13,13,0
594,1,27,0,17,17,0
595,4,13,0,11,6,0
596,1,5,0,18,10,0
597,4,30,0,21,5,0
598,42,3,1,3,3,0
599,1,32,0,11,5,0
600,0,27,0,15,12,0
601,2,6,0,19,4,0
602,59,2,1,14,2,0
603,72,0,1,10,0,0
604,64,3,1,19,3,0
605,69,3,1,10,0,0
606,3,8,0,18,13,0
607,4,27,0,12,12,0
608,60,4,1,17,1,0
609,3,15,0,11,9,0
610,3,13,0,21,3,0
611,73,3,1,12,2,0
612,0,14,0,19,14,0
613,1,24,0,11,18,0
614,73,4,1,4,3,0
615,43,4,1,3,2,0
616,3,4,0,20,5,0
617,1,36,0,17,11,0
618,3,27,0,12,0,0
619,64,4,1,8,3,0
620,3,36,0,17,15,0
621,1,8,0,18,5,0
622,59,1,1,3,2,0
623,0,23,0,13,13,0
624,2,37,0,13,12,0
625,55,1,1,9,0,0
626,3,20,0,18,16,0
627,61,2,1,4,3,0
628,75,0,1,10,2,0
629,58,3,1,22,0,0
630,76,4,1,10,2,0
631,3,17,0,11,10,0
632,58,0,1,19,3,0
633,4,39,0,21,7,0
634,2,24,0,13,4,0
635,54,1,1,2,2,0
636,0,35,0,17,10,0
637,60,2,1,14,1,0
638,63,2,1,20,0,0
639,4,28,0,19,6,0
640,1,24,0,17,13,0
641,4,31,0,15,17,0
642,41,4,1,8,2,0
643,63,3,1,22,1,0
644,63,1,1,18,4,0
645,3,27,0,20,14,0
646,4,30,0,12,18,0
647,2,40,0,21,16,0
648,2,12,0,21,5,0
649,2,19,0,15,0,0
650,4,4,0,12,13,0
651,4,5,0,21,8,0
652,2,0,0,17,10,0
653,0,20,0,15,11,0
654,0,27,0,21,1,0
655,50,2,1,20,2,0
656,77,4,1,15,1,0
657,1,37,0,15,12,0
658,4,11,0,20,16,0
659,46,3,1,15,4,0
660,46,1,1,18,1,0
661,4,30,0,19,11,0
662,3,40,0,12,0,0
663,70,4,1,12,4,0
664,49,3,1,12,3,0
665,44,0,1,2,1,0
666,62,4,1,14,2,0
667,55,1,1,2,3,0
668,4,23,0,11,9,0
669,53,0,1,11,0,0
670,1,15,0,13,12,0
671,2,39,0,19,4,0
672,46,0,1,12,5,0
673,50,1,1,6,0,0
674,1,7,0,11,2,0
675,62,3,1,15,4,0
676,41,1,1,9,1,0
677,1,14,0,19,5,0
678,72,1,1,9,5,0
679,61,2,1,16,2,0
680,66,4,1,20,5,0
681,69,2,1,18,0,0
682,72,4,1,3,2,0
683,48,0,1,9,5,0
684,74,1,1,13,4,0
685,76,0,1,22,0,0
686,77,2,1,15,1,0
687,51,2,1,9,5,0
688,1,15,0,15,5,0
689,3,36,0,13,10,0
690,62,3,1,6,5,0
691,0,26,0,20,15,0
692,53,2,1,4,1,0
693,47,0,1,6,3,0
694,69,4,1,24,5,0
695,58,3,1,10,5,0
696,3,4,0,12,3,0
697,3,3,0,13,4,0
698,45,0,1,7,0,0
699,3,2,0,19,14,0
700,0,0,0,19,15,0
701,2,6,0,12,0,0
702,48,3,1,22,4,0
703,4,10,0,20,11,0
704,1,19,0,19,9,0
705,74,2,1,12,5,0
706,60,0,1,21,3,0
707,4,8,0,13,2,0
708,0,5,0,15,19,0
709,1,30,0,20,19,0
710,3,26,0,11,16,0
711,3,27,0,19,14,0
712,0,28,0,13,15,0
713,1,28,0,15,1,0
714,50,4,1,11,3,0
715,60,3,1,9,0,0
716,60,2,1,18,0,0
717,60,2,1,9,5,0
718,1,20,0,17,18,0
719,66,4,1,20,2,0
720,4,9,0,18,5,0
721,2,12,0,19,0,0
722,43,0,1,23,3,0
723,47,3,1,21,1,0
724,75,0,1,11,5,0
725,42,0,1,16,5,0
726,64,1,1,18,0,0
727,58,0,1,4,4,0
728,3,20,0,15,0,0
729,2,16,0,20,19,0
730,3,12,0,21,19,0
731,2,22,0,15,11,0
732,2,22,0,12,2,0
733,62,0,1,4,4,0
734,2,9,0,21,13,0
735,75,2,1,2,2,0
736,0,16,0,17,11,0
737,68,0,1,21,0,0
738,0,27,0,18,8,0
739,62,0,1,11,5,0
740,3,22,0,15,17,0
741,0,38,0,11,14,0
742,1,37,0,17,0,0
743,78,1,1,22,3,0
744,68,4,1,19,5,0
745,79,4,1,13,4,0
746,76,3,1,12,1,0
747,0,5,0,17,5,0
748,3,36,0,12,14,0
749,1,15,0,15,18,0
750,47,2,1,17,4,0
751,52,4,1,18,2,0
752,4,13,0,13,8,0
753,1,29,0,20,12,0
754,1,17,0,18,3,0
755,70,2,1,23,1,0
756,1,29,0,12,10,0
757,3,8,0,15,19,0
758,1,13,0,12,6,0
759,3,40,0,15,11,0
760,0,26,0,20,19,0
761,2,33,0,12,2,0
762,3,26,0,12,16,0
763,79,4,1,24,0,0
764,2,30,0,13,10,0
765,3,15,0,21,7,0
766,47,4,1,22,2,0
767,43,3,1,16,1,0
768,62,1,1,20,1,0
769,2,32,0,21,2,0
770,55,4,1,2,2,0
771,3,28,0,20,16,0
772,1,4,0,15,13,0
773,2,15,0,15,3,0
774,41,2,1,14,1,0
775,4,39,0,17,4,0
776,1,14,0,19,12,0
777,2,25,0,19,3,0
778,51,3,1,14,1,0
779,64,4,1,17,2,0
780,2,10,0,15,8,0
781,78,1,1,11,4,0
782,54,1,1,14,0,0
783,2,19,0,21,13,0
784,69,0,1,18,0,0
785,3,22,0,11,9,0
786,75,3,1,9,3,0
787,68,0,1,2,3,0
788,0,37,0,11,15,0
789,1,40,0,11,17,0
790,75,0,1,20,2,0
791,60,1,1,19,0,0
792,59,2,1,21,5,0
793,48,1,1,16,1,0
794,3,19,0,11,19,0
795,80,3,1,6,4,0
796,66,0,1,6,4,0
797,45,0,1,15,2,0
798,72,1,1,17,1,0
799,45,1,1,3,4,0
800,0,0,0,12,11,0
801,3,13,0,13,14,0
802,63,3,1,6,2,0
803,4,34,0,13,4,0
804,1,19,0,15,3,0
805,44,4,1,22,3,0
806,72,1,1,14,1,0
807,53,3,1,15,4,0
808,53,3,1,8,2,0
809,62,1,1,10,2,0
810,4,29,0,19,16,0
811,2,18,0,17,11,0
812,2,24,0,21,2,0
813,4,38,0,19,16,0
814,2,0,0,12,13,0
815,70,3,1,2,0,0
816,47,1,1,19,5,0
817,1,14,0,20,0,0
818,42,1,1,22,1,0
819,3,40,0,11,17,0
820,78,3,1,13,1,0
821,53,0,1,7,2,0
822,1,6,0,18,19,0
823,3,38,0,18,19,0
824,3,18,0,12,19,0
825,4,21,0,11,2,0
826,1,38,0,12,17,0
827,4,32,0,12,3,0
828,45,3,1,4,2,0
829,50,1,1,21,3,0
830,4,12,0,21,13,0
831,1,5,0,17,2,0
832,2,35,0,11,0,0
833,3,13,0,13,1,0
834,60,3,1,2,0,0
835,0,24,0,21,6,0
836,0,27,0,17,5,0
837,4,32,0,15,0,0
838,2,8,0,19,18,0
839,64,0,1,5,5,0
840,4,34,0,17,18,0
841,60,4,1,20,2,0
842,3,14,0,11,6,0
843,0,23,0,19,9,0
844,68,4,1,20,5,0
845,61,4,1,2,2,0
846,53,0,1,11,2,0
847,72,4,1,24,4,0
848,2,31,0,18,9,0
849,72,2,1,3,2,0
850,0,11,0,19,11,0
851,56,2,1,14,0,0
852,4,11,0,13,5,0
853,74,2,1,5,1,0
854,4,13,0,15,11,0
855,68,3,1,19,3,0
856,0,26,0,19,11,0
857,0,19,0,13,13,0
858,76,3,1,12,4,0
859,2,34,0,21,8,0
860,48,3,1,7,3,0
861,42,4,1,3,5,0
862,43,2,1,9,3,0
863,56,4,1,2,5,0
864,0,22,0,18,9,0
865,42,3,1,19,2,0
866,3,10,0,19,2,0
867,0,37,0,21,14,0
868,44,2,1,4,5,0
869,44,3,1,7,4,0
870,3,29,0,19,9,0
871,2,8,0,13,8,0
872,0,9,0,11,7,0
873,3,21,0,21,18,0
874,4,22,0,12,4,0
875,3,22,0,15,5,0
876,4,4,0,13,2,0
877,75,2,1,11,4,0
878,2,38,0,11,1,0
879,66,1,1,14,3,0
880,66,1,1,21,0,0
881,73,3,1,5,3,0
882,2,0,0,13,2,0
883,0,22,0,21,1,0
884,51,1,1,23,0,0
885,70,2,1,6,5,0
886,4,0,0,19,0,0
887,47,3,1,3,1,0
888,62,1,1,11,0,0
889,57,0,1,21,3,0
890,74,1,1,7,1,0
891,73,2,1,23,5,0
892,59,2,1,16,3,0
893,48,4,1,23,5,0
894,48,2,1,23,3,0
895,65,1,1,20,1,0
896,4,38,0,20,1,0
897,2,12,0,11,8,0
898,1,13,0,21,16,0
899,1,27,0,18,2,0
900,4,39,0,11,14,0
901,3,1,0,13,0,0
902,67,4,1,23,0,0
903,59,0,1,13,0,0
904,4,14,0,21,0,0
905,48,3,1,7,2,0
906,2,19,0,12,4,0
907,4,34,0,20,19,0
908,62,3,1,3,0,0
909,55,4,1,4,4,0
910,55,1,1,7,0,0
911,51,4,1,13,0,0
912,3,21,0,20,2,0
913,57,4,1,4,2,0
914,1,24,0,18,5,0
915,0,31,0,15,0,0
916,72,1,1,17,2,0
917,2,9,0,20,5,0
918,69,0,1,3,1,0
919,1,28,0,21,1,0
920,50,0,1,15,1,0
921,3,4,0,12,7,0
922,2,39,0,17,6,0
923,2,27,0,11,14,0
924,0,35,0,15,2,0
925,56,4,1,7,4,0
926,41,0,1,15,5,0
927,61,1,1,19,4,0
928,42,3,1,6,3,0
929,56,0,1,4,4,0
930,3,15,0,15,12,0
931,55,2,1,15,1,0
932,41,4,1,3,1,0
933,66,0,1,19,4,0
934,4,31,0,19,10,0
935,3,1,0,11,4,0
936,53,1,1,11,2,0
937,60,3,1,3,3,0
938,46,4,1,9,4,0
939,69,3,1,22,3,0
940,2,15,0,20,7,0
941,4,7,0,11,2,0
942,47,0,1,2,5,0
943,3,5,0,21,16,0
944,1,18,0,13,13,0
945,4,2,0,19,10,0
946,78,1,1,9,0,0
947,52,1,1,6,4,0
948,4,29,0,17,6,0
949,3,34,0,11,7,0
950,3,35,0,19,13,0
951,3,2,0,21,15,0
952,56,3,1,8,1,0
953,63,4,1,9,0,0
954,1,38,0,18,7,0
955,2,0,0,12,8,0
956,74,0,1,7,1,0
957,4,5,0,20,3,0
958,0,37,0,17,0,0
959,4,29,0,12,11,0
960,3,15,0,21,16,0
961,1,9,0,13,0,0
962,57,1,1,16,5,0
963,1,26,0,19,9,0
964,57,1,1,16,3,0
965,3,4,0,11,16,0
966,76,1,1,21,2,0
967,0,1,0,20,12,0
968,2,38,0,18,17,0
969,4,22,0,19,15,0
970,1,4,0,12,13,0
971,43,2,1,18,1,0
972,66,3,1,24,0,0
973,4,26,0,21,13,0
974,0,4,0,12,7,0
975,77,0,1,7,2,0
976,68,2,1,16,4,0
977,51,2,1,5,1,0
978,72,2,1,19,0,0
979,4,38,0,21,10,0
980,73,1,1,9,3,0
981,0,40,0,12,15,0
982,4,33,0,11,3,0
983,3,4,0,12,14,0
984,63,1,1,21,3,0
985,77,3,1,20,2,0
986,79,4,1,19,3,0
987,1,13,0,11,3,0
988,4,23,0,12,11,0
989,46,4,1,24,2,0
990,2,35,0,13,13,0
991,2,12,0,18,13,0
992,3,38,0,11,1,0
993,3,4,0,12,17,0
994,80,4,1,13,2,0
995,4,35,0,20,1,0
996,3,9,0,19,17,0
997,72,0,1,23,5,0
998,72,0,1,11,1,0
999,0,10,0,11,2,0
1000,4,16,0,18,7,0
1001,1,29,0,11,14,0
1002,55,2,1,8,5,0
1003,1,17,0,19,2,0
1004,3,11,0,11,15,0
1005,3,13,0,17,8,0
1006,42,2,1,8,3,0
1007,77,4,1,23,0,0
1008,47,1,1,24,4,0
1009,2,25,0,20,5,0
1010,3,39,0,20,18,0
1011,60,4,1,18,5,0
1012,1,10,0,19,6,0
1013,1,11,0,18,9,0
1014,80,1,1,8,2,0
1015,0,30,0,17,11,0
1016,2,15,0,15,0,0
1017,0,34,0,11,3,0
1018,44,1,1,17,4,0
1019,3,40,0,17,16,0
1020,3,32,0,11,0,0
1021,71,2,1,3,1,0
1022,79,1,1,16,3,0
1023,1,23,0,13,8,0
1024,1,9,0,11,9,0
1025,4,13,0,11,19,0
1026,68,2,1,15,5,0
1027,3,36,0,19,19,0
1028,4,15,0,11,6,0
1029,2,26,0,13,19,0
1030,4,2,0,17,15,0
1031,4,34,0,19,2,0
1032,49,0,1,8,0,0
1033,70,0,1,13,2,0
1034,4,35,0,21,5,0
1035,74,1,1,12,4,0
1036,1,19,0,11,19,0
1037,43,4,1,21,3,0
1038,2,19,0,12,10,0
1039,43,0,1,4,1,0
1040,0,3,0,20,18,0
1041,0,23,0,11,17,0
1042,61,4,1,22,3,0
1043,68,2,1,13,1,0
1044,3,9,0,20,19,0
1045,4,17,0,12,6,0
1046,76,4,1,16,3,0
1047,77,3,1,11,0,0
1048,3,31,0,21,11,0
1049,3,33,0,17,10,0
1050,3,32,0,13,15,0
1051,2,15,0,11,6,0
1052,63,3,1,5,3,0
1053,4,12,0,20,15,0
1054,73,2,1,8,1,0
1055,72,2,1,22,1,0
1056,51,2,1,8,5,0
1057,3,29,0,15,8,0
1058,71,2,1,7,5,0
1059,0,26,0,21,16,0
1060,3,6,0,11,1,0
1061,69,4,1,10,0,0
1062,4,31,0,17,5,0
1063,49,3,1,5,5,0
1064,64,4,1,14,4,0
1065,2,16,0,17,2,0
1066,78,4,1,23,5,0
1067,1,17,0,18,2,0
1068,0,25,0,17,14,0
1069,66,2,1,19,0,0
1070,55,4,1,10,2,0
1071,74,2,1,22,5,0
1072,58,0,1,16,1,0
1073,69,3,1,23,1,0
1074,4,26,0,17,5,0
1075,60,0,1,12,3,0
1076,4,27,0,21,3,0
1077,59,0,1,6,0,0
1078,62,1,1,21,5,0
1079,0,31,0,17,8,0
1080,79,1,1,23,5,0
1081,3,4,0,17,3,0
1082,3,29,0,17,6,0
1083,0,1,0,21,6,0
1084,2,10,0,19,12,0
1085,60,4,1,15,2,0
1086,2,0,0,20,19,0
1087,0,33,0,18,0,0
1088,54,4,1,19,4,0
1089,1,7,0,11,14,0
1090,2,6,0,19,13,0
1091,58,0,1,17,0,0
1092,4,9,0,18,12,0
1093,2,5,0,12,0,0
1094,3,37,0,17,5,0
1095,4,13,0,20,14,0
1096,1,15,0,21,7,0
1097,0,32,0,17,10,0
1098,1,3,0,17,6,0
1099,68,4,1,9,5,0
1100,2,9,0,21,17,0
1101,45,4,1,5,0,0
1102,0,9,0,11,1,0
1103,1,33,0,11,11,0
1104,41,4,1,8,1,0
1105,48,3,1,20,4,0
1106,1,21,0,21,7,0
1107,63,2,1,5,5,0
1108,44,1,1,5,5,0
1109,67,4,1,21,5,0
1110,2,33,0,18,15,0
1111,1,0,0,13,3,0
1112,54,2,1,17,5,0
1113,1,38,0,17,10,0
1114,74,0,1,2,3,0
1115,2,6,0,19,1,0
1116,2,23,0,18,5,0
1117,62,4,1,2,5,0
1118,2,33,0,21,7,0
1119,72,2,1,4,3,0
1120,2,36,0,15,3,0
1121,3,15,0,17,13,0
1122,3,29,0,17,6,0
1123,1,12,0,13,5,0
1124,2,33,0,21,8,0
1125,4,18,0,12,11,0
1126,61,2,1,22,2,0
1127,0,34,0,15,15,0
1128,78,2,1,19,0,0
1129,64,4,1,9,1,0
1130,46,0,1,18,4,0
1131,64,0,1,7,4,0
1132,1,8,0,17,8,0
1133,57,0,1,8,3,0
1134,1,2,0,17,8,0
1135,3,16,0,21,10,0
1136,1,11,0,20,5,0
1137,60,3,1,14,3,0
1138,3,21,0,17,17,0
1139,0,21,0,12,11,0
1140,4,38,0,20,2,0
1141,1,22,0,15,11,0
1142,54,2,1,11,1,0
1143,58,3,1,12,0,0
1144,4,19,0,11,1,0
1145,55,0,1,15,2,0
1146,2,29,0,21,12,0
1147,0,25,0,21,10,0
1148,64,4,1,5,5,0
1149,3,2,0,17,1,0
1150,60,4,1,23,0,0
1151,50,1,1,11,5,0
1152,54,3,1,19,1,0
1153,0,5,0,20,2,0
1154,75,0,1,21,1,0
1155,66,2,1,3,4,0
1156,73,2,1,20,2,0
1157,48,0,1,23,4,0
1158,71,3,1,8,1,0
1159,50,0,1,7,5,0
1160,55,1,1,9,3,0
1161,1,4,0,13,5,0
1162,3,32,0,12,0,0
1163,4,8,0,20,6,0
1164,73,1,1,6,5,0
1165,62,4,1,11,3,0
1166,4,31,0,19,13,0
1167,1,36,0,11,2,0
1168,78,3,1,18,1,0
1169,48,3,1,6,2,0
1170,77,0,1,12,4,0
1171,4,15,0,15,18,0
1172,75,1,1,10,0,0
1173,71,2,1,16,1,0
1174,3,36,0,17,7,0
1175,2,19,0,18,1,0
1176,0,20,0,19,10,0
1177,52,2,1,8,1,0
1178,47,3,1,18,5,0
1179,71,2,1,3,3,0
1180,2,1,0,20,5,0
1181,71,1,1,6,0,0
1182,4,38,0,15,12,0
1183,77,0,1,12,0,0
1184,1,36,0,11,18,0
1185,43,1,1,19,5,0
1186,2,9,0,19,9,0
1187,52,4,1,11,4,0
1188,4,0,0,19,10,0
1189,47,4,1,6,3,0
1190,47,3,1,24,3,0
1191,2,16,0,19,3,0
1192,3,38,0,11,17,0
1193,54,1,1,17,1,0
1194,51,4,1,14,1,0
1195,2,29,0,17,15,0
1196,67,0,1,4,3,0
1197,3,16,0,21,2,0
1198,67,4,1,19,0,0
1199,1,8,0,13,10,0
1200,45,2,1,13,2,0
1201,0,20,0,13,18,0
1202,1,1,0,21,15,0
1203,1,16,0,17,4,0
1204,0,19,0,13,13,0
1205,44,3,1,7,5,0
1206,47,0,1,15,3,0
1207,1,8,0,12,13,0
1208,4,8,0,20,0,0
1209,1,6,0,18,2,0
1210,0,10,0,17,11,0
1211,4,33,0,19,19,0
1212,47,1,1,22,3,0
1213,0,37,0,15,1,0
1214,4,23,0,15,17,0
1215,2,24,0,15,8,0
1216,67,0,1,8,0,0
1217,78,4,1,22,0,0
1218,1,0,0,18,15,0
1219,54,3,1,10,3,0
1220,74,3,1,12,1,0
1221,4,21,0,11,18,0
1222,1,18,0,13,18,0
1223,79,4,1,23,2,0
1224,1,32,0,19,6,0
1225,4,31,0,21,15,0
1226,73,1,1,21,2,0
1227,63,1,1,4,1,0
1228,80,4,1,13,5,0
1229,3,34,0,12,11,0
1230,51,3,1,19,4,0
1231,45,2,1,3,1,0
1232,74,3,1,18,3,0
1233,0,28,0,19,7,0
1234,42,0,1,7,3,0
1235,48,2,1,20,5,0
1236,0,13,0,18,1,0
1237,51,0,1,24,1,0
1238,1,39,0,15,12,0
1239,42,0,1,15,1,0
1240,54,0,1,17,3,0
1241,0,19,0,18,5,0
1242,4,21,0,19,11,0
1243,4,18,0,15,17,0
1244,4,5,0,18,10,0
1245,72,2,1,18,3,0
1246,74,1,1,8,2,0
1247,53,1,1,11,0,0
1248,80,0,1,8,4,0
1249,79,0,1,18,4,0
1250,64,4,1,6,1,0
1251,0,32,0,15,16,0
1252,50,1,1,4,0,0
1253,0,3,0,18,17,0
1254,1,24,0,15,7,0
1255,42,4,1,21,0,0
1256,43,3,1,19,2,0
1257,54,3,1,6,2,0
1258,44,1,1,14,3,0
1259,48,3,1,21,5,0
1260,2,40,0,12,14,0
1261,2,36,0,17,18,0
1262,62,0,1,10,5,0
1263,66,0,1,16,2,0
1264,3,14,0,15,12,0
1265,2,13,0,19,7,0
1266,68,4,1,4,3,0
1267,1,25,0,11,17,0
1268,52,4,1,12,1,0
1269,67,4,1,13,5,0
1270,66,0,1,14,1,0
1271,0,13,0,11,8,0
1272,46,1,1,23,2,0
1273,0,5,0,19,1,0
1274,4,31,0,15,17,0
1275,2,25,0,12,12,0
1276,1,15,0,13,15,0
1277,2,34,0,17,6,0
1278,64,4,1,17,3,0
1279,2,5,0,13,3,0
1280,76,1,1,14,3,0
1281,62,2,1,13,2,0
1282,68,3,1,21,5,0
1283,2,30,0,17,15,0
1284,42,4,1,6,2,0
1285,57,2,1,22,3,0
1286,62,0,1,2,2,0
1287,0,8,0,20,12,0
1288,69,0,1,23,3,0
1289,0,0,0,12,16,0
1290,0,15,0,13,0,0
1291,0,10,0,17,6,0
1292,66,2,1,18,0,0
1293,2,35,0,18,11,0
1294,73,1,1,6,0,0
1295,3,30,0,12,17,0
1296,44,0,1,19,5,0
1297,41,3,1,10,4,0
1298,0,33,0,20,7,0
1299,4,14,0,21,18,0
1300,65,4,1,9,3,0
1301,59,2,1,8,1,0
1302,70,3,1,21,3,0
1303,48,0,1,17,3,0
1304,3,37,0,18,5,0
1305,59,3,1,18,0,0
1306,3,11,0,18,17,0
1307,54,3,1,4,4,0
1308,3,6,0,13,13,0
1309,67,1,1,14,5,0
1310,43,1,1,20,0,0
1311,4,35,0,21,3,0
1312,57,3,1,21,3,0
1313,69,1,1,2,5,0
1314,66,2,1,15,1,0
1315,76,2,1,16,2,0
1316,0,10,0,13,1,0
1317,2,32,0,19,12,0
1318,45,1,1,7,3,0
1319,60,1,1,21,5,0
1320,62,1,1,11,0,0
1321,4,22,0,17,3,0
1322,74,4,1,16,5,0
1323,4,31,0,17,19,0
1324,3,38,0,11,16,0
1325,73,1,1,19,2,0
1326,1,20,0,19,18,0
1327,43,0,1,2,2,0
1328,55,0,1,11,0,0
1329,2,4,0,21,5,0
1330,3,25,0,12,4,0
1331,54,0,1,17,2,0
1332,3,8,0,18,18,0
1333,4,31,0,13,8,0
1334,1,0,0,19,15,0
1335,4,32,0,21,14,0
1336,69,3,1,19,1,0
1337,47,3,1,11,2,0
1338,1,32,0,19,19,0
1339,50,0,1,15,3,0
1340,0,3,0,21,8,0
1341,71,0,1,23,3,0
1342,4,26,0,19,1,0
1343,68,0,1,14,5,0
1344,56,3,1,3,3,0
1345,72,4,1,24,0,0
1346,61,4,1,14,4,0
1347,75,2,1,21,4,0
1348,50,1,1,11,1,0
1349,59,1,1,15,4,0
1350,50,1,1,7,5,0
1351,4,39,0,21,12,0
1352,3,35,0,11,7,0
1353,72,2,1,6,2,0
1354,73,0,1,17,1,0
1355,80,2,1,7,5,0
1356,4,4,0,18,11,0
1357,78,2,1,2,5,0
1358,4,11,0,20,2,0
1359,59,3,1,20,5,0
1360,70,2,1,7,4,0
1361,65,2,1,4,3,0
1362,3,20,0,20,14,0
1363,4,8,0,20,1,0
1364,46,3,1,20,4,0
1365,70,2,1,15,1,0
1366,71,4,1,18,1,0
1367,60,1,1,14,1,0
1368,3,36,0,18,13,0
1369,58,1,1,13,0,0
1370,62,4,1,11,4,0
1371,3,19,0,17,8,0
1372,59,2,1,13,2,0
1373,75,2,1,23,5,0
1374,44,0,1,15,2,0
1375,0,24,0,18,11,0
1376,80,2,1,12,2,0
1377,1,9,0,19,0,0
1378,4,28,0,12,5,0
1379,2,16,0,21,4,0
1380,78,0,1,4,3,0
1381,3,27,0,18,18,0
1382,63,1,1,12,1,0
1383,75,2,1,19,2,0
1384,65,1,1,9,2,0
1385,3,17,0,13,0,0
1386,3,33,0,19,10,0
1387,4,36,0,11,10,0
1388,0,1,0,15,18,0
1389,72,1,1,17,1,0
1390,3,10,0,11,0,0
1391,68,2,1,18,1,0
1392,70,4,1,22,0,0
1393,4,12,0,17,6,0
1394,43,3,1,11,5,0
1395,54,4,1,15,5,0
1396,1,31,0,21,18,0
1397,1,33,0,19,19,0
1398,57,0,1,14,3,0
1399,2,25,0,17,3,0
1400,1,11,0,11,18,0
1401,62,1,1,8,3,0
1402,1,16,0,21,17,0
1403,1,3,0,18,16,0
1404,3,22,0,20,15,0
1405,63,2,1,12,5,0
1406,75,4,1,7,4,0
1407,3,31,0,11,9,0
1408,53,1,1,13,2,0
1409,0,13,0,19,9,0
1410,63,3,1,9,4,0
1411,68,1,1,12,0,0
1412,3,30,0,20,2,0
1413,2,5,0,12,0,0
1414,47,2,1,23,5,0
1415,3,0,0,21,8,0
1416,63,2,1,17,4,0
1417,1,13,0,19,7,0
1418,42,4,1,11,1,0
1419,74,2,1,16,5,0
1420,1,32,0,19,3,0
1421,3,31,0,20,9,0
1422,67,4,1,24,0,0
1423,78,4,1,6,4,0
1424,66,2,1,17,1,0
1425,73,0,1,5,4,0
1426,78,0,1,19,5,0
1427,0,3,0,20,13,0
1428,4,32,0,17,1,0
1429,47,4,1,3,1,0
1430,42,4,1,12,0,0
1431,50,1,1,17,0,0
1432,1,31,0,20,17,0
1433,3,27,0,21,0,0
1434,1,16,0,13,2,0
1435,76,2,1,24,0,0
1436,54,2,1,21,4,0
1437,76,2,1,19,3,0
1438,54,0,1,13,1,0
1439,3,27,0,17,1,0
1440,51,2,1,16,4,0
1441,1,22,0,18,17,0
1442,0,3,0,21,19,0
1443,4,27,0,20,15,0
1444,44,2,1,6,0,0
1445,59,1,1,3,3,0
1446,2,11,0,19,3,0
1447,2,19,0,13,11,0
1448,3,21,0,19,9,0
1449,54,4,1,2,5,0
1450,49,4,1,10,1,0
1451,50,3,1,12,5,0
1452,2,4,0,18,14,0
1453,4,36,0,15,2,0
1454,73,0,1,17,2,0
1455,3,10,0,11,0,0
1456,0,25,0,12,5,0
1457,76,0,1,18,3,0
1458,58,0,1,24,4,0
1459,1,16,0,17,4,0
1460,4,21,0,21,5,0
1461,41,4,1,24,3,0
1462,0,17,0,21,9,0
1463,64,2,1,19,3,0
1464,70,0,1,23,3,0
1465,2,37,0,18,4,0
1466,66,4,1,12,1,0
1467,1,33,0,21,9,0
1468,4,9,0,18,17,0
1469,59,4,1,2,3,0
1470,2,22,0,19,15,0
1471,2,15,0,13,5,0
1472,4,14,0,18,13,0
1473,76,1,1,5,5,0
1474,3,27,0,15,8,0
1475,60,2,1,16,2,0
1476,0,13,0,11,0,0
1477,1,15,0,18,17,0
1478,78,3,1,20,3,0
1479,54,0,1,6,4,0
1480,79,1,1,14,0,0
1481,3,15,0,18,15,0
1482,4,0,0,15,11,0
1483,0,22,0,13,7,0
1484,74,0,1,11,0,0
1485,3,29,0,15,0,0
1486,0,19,0,17,13,0
1487,3,16,0,12,3,0
1488,4,11,0,20,7,0
1489,0,10,0,13,15,0
1490,0,39,0,18,1,0
1491,3,26,0,17,9,0
1492,80,3,1,11,1,0
1493,63,2,1,23,4,0
1494,4,2,0,11,14,0
1495,4,17,0,18,17,0
1496,0,39,0,17,7,0
1497,53,0,1,19,0,0
1498,0,39,0,20,0,0
1499,80,2,1,10,4,0
1500,3,2,0,17,11,0
1501,1,9,0,15,13,0
1502,78,2,1,4,0,0
1503,54,3,1,11,0,0
1504,3,26,0,19,15,0
1505,58,1,1,19,1,0
1506,53,4,1,15,5,0
1507,70,0,1,12,0,0
1508,56,3,1,22,3,0
1509,66,1,1,4,2,0
1510,45,0,1,20,3,0
1511,1,1,0,21,16,0
1512,4,35,0,11,13,0
1513,1,35,0,11,3,0
1514,47,2,1,9,5,0
1515,53,2,1,7,4,0
1516,57,1,1,2,4,0
1517,1,9,0,15,14,0
1518,58,1,1,13,3,0
1519,45,1,1,9,3,0
1520,69,3,1,17,3,0
1521,61,0,1,4,3,0
1522,4,28,0,15,1,0
1523,62,4,1,22,5,0
1524,1,33,0,12,13,0
1525,80,2,1,22,4,0
1526,51,4,1,10,2,0
1527,58,3,1,17,3,0
1528,1,15,0,17,15,0
1529,75,4,1,11,0,0
1530,79,3,1,21,0,0
1531,68,0,1,6,4,0
1532,59,4,1,9,0,0
1533,2,36,0,13,10,0
1534,62,2,1,19,3,0
1535,0,13,0,19,13,0
1536,1,10,0,13,13,0
1537,4,31,0,21,0,0
1538,70,1,1,4,2,0
1539,4,11,0,12,12,0
1540,0,16,0,21,3,0
1541,66,2,1,23,1,0
1542,43,0,1,22,2,0
1543,2,29,0,17,15,0
1544,80,4,1,24,4,0
1545,68,4,1,21,4,0
1546,52,1,1,5,1,0
1547,4,16,0,20,3,0
1548,2,34,0,13,1,0
1549,4,22,0,21,8,0
1550,67,0,1,18,5,0
1551,71,0,1,23,5,0
1552,57,2,1,21,0,0
1553,4,19,0,19,8,0
1554,2,4,0,20,5,0
1555,4,15,0,12,2,0
1556,0,18,0,18,6,0
1557,80,3,1,8,4,0
1558,64,0,1,23,4,0
1559,80,1,1,5,5,0
1560,58,3,1,2,3,0
1561,4,40,0,21,6,0
1562,3,20,0,11,14,0
1563,1,27,0,11,0,0
1564,72,2,1,6,1,0
1565,57,3,1,21,0,0
1566,2,9,0,19,18,0
1567,77,2,1,20,5,0
1568,54,4,1,24,0,0
1569,1,35,0,11,10,0
1570,74,2,1,4,2,0
1571,55,2,1,7,5,0
1572,72,2,1,10,1,0
1573,2,13,0,12,1,0
1574,4,34,0,13,5,0
1575,4,40,0,19,19,0
1576,51,4,1,15,2,0
1577,78,2,1,21,1,0
1578,3,33,0,13,11,0
1579,3,37,0,17,3,0
1580,3,37,0,15,2,0
1581,1,4,0,17,14,0
1582,3,16,0,18,5,0
1583,1,40,0,15,6,0
1584,0,27,0,12,6,0
1585,58,4,1,22,0,0
1586,4,26,0,20,3,0
1587,64,2,1,17,5,0
1588,4,37,0,11,0,0
1589,56,2,1,20,5,0
1590,4,35,0,12,8,0
1591,59,3,1,15,4,0
1592,73,4,1,7,5,0
1593,61,1,1,9,4,0
1594,0,6,0,18,12,0
1595,1,13,0,20,16,0
1596,3,39,0,17,18,0
1597,58,0,1,11,2,0
1598,0,35,0,18,15,0
1599,57,3,1,2,0,0
1600,58,4,1,6,3,0
1601,1,2,0,18,0,0
1602,79,1,1,20,1,0
1603,2,31,0,21,0,0
1604,0,11,0,21,4,0
1605,73,2,1,4,1,0
1606,0,31,0,21,15,0
1607,4,4,0,13,19,0
1608,3,35,0,15,19,0
1609,3,37,0,11,12,0
1610,50,3,1,14,1,0
1611,4,38,0,17,0,0
1612,1,7,0,20,4,0
1613,3,12,0,18,14,0
1614,2,24,0,13,17,0
1615,52,4,1,23,2,0
1616,61,1,1,3,0,0
1617,66,1,1,7,5,0
1618,71,4,1,16,1,0
1619,47,3,1,22,2,0
1620,74,1,1,23,5,0
1621,50,3,1,14,2,0
1622,0,37,0,11,8,0
1623,3,2,0,11,4,0
1624,59,0,1,19,4,0
1625,52,3,1,4,0,0
1626,3,22,0,12,7,0
1627,53,1,1,19,4,0
1628,1,29,0,21,13,0
1629,76,2,1,6,1,0
1630,2,32,0,13,3,0
1631,1,1,0,20,3,0
1632,1,31,0,20,14,0
1633,67,3,1,13,4,0
1634,2,16,0,12,5,0
1635,2,34,0,13,5,0
1636,1,1,0,21,11,0
1637,64,1,1,23,3,0
1638,80,4,1,13,4,0
1639,79,2,1,21,1,0
1640,2,13,0,11,16,0
1641,71,1,1,5,0,0
1642,2,26,0,17,19,0
1643,1,29,0,17,4,0
1644,48,4,1,13,0,0
1645,2,2,0,21,19,0
1646,44,2,1,10,4,0
1647,80,4,1,13,0,0
1648,57,4,1,8,2,0
1649,76,2,1,13,5,0
1650,72,3,1,22,2,0
1651,2,10,0,20,3,0
1652,58,0,1,7,4,0
1653,0,19,0,17,4,0
1654,3,24,0,18,12,0
1655,56,2,1,5,5,0
1656,2,34,0,12,11,0
1657,1,38,0,17,13,0
1658,0,28,0,12,6,0
1659,41,1,1,20,0,0
1660,49,3,1,11,5,0
1661,62,3,1,4,5,0
1662,71,3,1,16,3,0
1663,65,3,1,18,4,0
1664,0,20,0,11,12,0
1665,54,1,1,7,1,0
1666,4,22,0,19,14,0
1667,51,1,1,5,1,0
1668,59,1,1,15,4,0
1669,2,7,0,18,9,0
1670,2,18,0,15,15,0
1671,46,0,1,21,1,0
1672,0,27,0,13,14,0
1673,3,0,0,18,6,0
1674,3,21,0,19,16,0
1675,2,21,0,12,12,0
1676,75,0,1,10,5,0
1677,79,1,1,22,3,0
1678,46,2,1,8,2,0
1679,1,40,0,20,1,0
1680,4,5,0,18,2,0
1681,2,3,0,13,15,0
1682,0,8,0,19,6,0
1683,69,3,1,12,4,0
1684,68,0,1,22,0,0
1685,61,3,1,18,5,0
1686,47,2,1,19,1,0
1687,56,3,1,7,1,0
1688,0,11,0,11,8,0
1689,50,0,1,23,4,0
1690,3,22,0,17,7,0
1691,0,15,0,20,18,0
1692,71,2,1,18,4,0
1693,4,40,0,19,10,0
1694,54,1,1,7,5,0
1695,3,22,0,17,3,0
1696,46,0,1,12,5,0
1697,75,1,1,9,2,0
1698,52,4,1,13,2,0
1699,4,31,0,12,19,0
1700,48,1,1,10,4,0
1701,2,15,0,12,9,0
1702,53,4,1,4,1,0
1703,4,28,0,11,1,0
1704,68,0,1,5,4,0
1705,3,29,0,17,2,0
1706,0,2,0,13,18,0
1707,65,1,1,13,5,0
1708,1,0,0,21,19,0
1709,0,11,0,17,13,0
1710,2,5,0,13,0,0
1711,1,1,0,13,9,0
1712,77,4,1,21,1,0
1713,1,7,0,21,0,0
1714,1,33,0,11,1,0
1715,2,10,0,18,5,0
1716,3,15,0,18,18,0
1717,0,0,0,11,19,0
1718,1,15,0,12,9,0
1719,4,33,0,19,11,0
1720,77,0,1,17,3,0
1721,49,1,1,17,3,0
1722,77,3,1,5,1,0
1723,0,15,0,15,6,0
1724,1,3,0,18,9,0
1725,2,13,0,15,15,0
1726,54,4,1,2,5,0
1727,2,1,0,21,4,0
1728,77,1,1,8,1,0
1729,3,12,0,17,14,0
1730,0,21,0,19,7,0
1731,4,20,0,19,2,0
1732,4,32,0,21,13,0
1733,55,1,1,7,4,0
1734,63,4,1,11,1,0
1735,1,35,0,11,16,0
1736,41,0,1,6,3,0
1737,1,12,0,17,3,0
1738,0,31,0,21,16,0
1739,3,13,0,21,18,0
1740,58,0,1,12,0,0
1741,4,32,0,19,14,0
1742,73,3,1,5,4,0
1743,49,2,1,11,4,0
1744,44,2,1,13,0,0
1745,3,38,0,12,6,0
1746,67,4,1,20,1,0
1747,4,27,0,15,15,0
1748,1,21,0,18,9,0
1749,1,28,0,12,5,0
1750,0,26,0,11,15,0
1751,76,3,1,4,2,0
1752,1,4,0,21,11,0
1753,4,21,0,19,9,0
1754,57,3,1,23,2,0
1755,63,4,1,10,0,0
1756,57,4,1,3,5,0
1757,50,3,1,4,0,0
1758,64,0,1,15,5,0
1759,69,4,1,20,0,0
1760,4,24,0,12,19,0
1761,3,34,0,20,17,0
1762,58,3,1,3,3,0
1763,51,4,1,19,0,0
1764,48,4,1,7,2,0
1765,45,2,1,2,4,0
1766,2,35,0,12,6,0
1767,3,22,0,19,18,0
1768,43,1,1,15,3,0
1769,49,3,1,11,1,0
1770,64,4,1,23,4,0
1771,58,4,1,4,0,0
1772,70,0,1,21,1,0
1773,80,3,1,10,1,0
1774,4,12,0,12,16,0
1775,75,2,1,10,0,0
1776,71,4,1,13,1,0
1777,79,2,1,19,0,0
1778,2,36,0,11,15,0
1779,0,29,0,21,6,0
1780,1,34,0,18,15,0
1781,1,31,0,21,17,0
1782,3,9,0,20,9,0
1783,3,0,0,20,4,0
1784,72,1,1,8,0,0
1785,74,1,1,15,2,0
1786,75,3,1,7,1,0
1787,41,0,1,8,3,0
1788,0,31,0,17,14,0
1789,41,3,1,19,1,0
1790,46,1,1,17,0,0
1791,69,1,1,16,5,0
1792,43,2,1,9,5,0
1793,2,16,0,13,14,0
1794,73,1,1,5,4,0
1795,53,1,1,24,0,0
1796,2,37,0,21,10,0
1797,56,3,1,5,1,0
1798,4,28,0,20,10,0
1799,0,12,0,13,11,0
1800,52,3,1,24,4,0
1801,54,1,1,2,1,0
1802,69,1,1,2,1,0
1803,48,3,1,15,0,0
1804,65,4,1,15,3,0
1805,45,0,1,24,4,0
1806,49,1,1,19,5,0
1807,1,13,0,21,19,0
1808,3,40,0,17,15,0
1809,4,16,0,19,17,0
1810,78,3,1,17,0,0
1811,60,0,1,13,0,0
1812,0,34,0,15,1,0
1813,3,9,0,12,17,0
1814,53,0,1,21,5,0
1815,75,2,1,21,3,0
1816,58,2,1,18,1,0
1817,3,37,0,15,6,0
1818,59,4,1,21,2,0
1819,70,0,1,5,1,0
1820,3,22,0,15,5,0
1821,45,3,1,4,3,0
1822,64,2,1,3,5,0
1823,56,1,1,18,2,0
1824,3,34,0,13,9,0
1825,62,3,1,7,5,0
1826,50,2,1,21,4,0
1827,70,3,1,11,2,0
1828,0,10,0,21,12,0
1829,2,15,0,13,10,0
1830,45,2,1,17,0,0
1831,2,4,0,17,18,0
1832,1,8,0,17,9,0
1833,52,3,1,19,0,0
1834,4,40,0,15,3,0
1835,4,8,0,13,2,0
1836,56,0,1,16,4,0
1837,0,16,0,15,15,0
1838,73,4,1,9,5,0
1839,4,11,0,15,13,0
1840,49,2,1,16,0,0
1841,49,3,1,20,2,0
1842,51,1,1,22,0,0
1843,63,4,1,17,3,0
1844,62,0,1,19,5,0
1845,57,2,1,4,0,0
1846,0,20,0,13,2,0
1847,3,35,0,21,13,0
1848,47,0,1,8,0,0
1849,76,4,1,5,2,0
1850,42,1,1,23,0,0
1851,1,28,0,21,11,0
1852,53,1,1,11,2,0
1853,3,4,0,20,17,0
1854,1,22,0,17,0,0
1855,0,21,0,15,3,0
1856,57,0,1,19,3,0
1857,45,4,1,11,3,0
1858,3,32,0,20,4,0
1859,72,3,1,23,5,0
1860,0,32,0,19,10,0
1861,0,19,0,21,1,0
1862,42,3,1,21,5,0
1863,3,39,0,17,15,0
1864,0,10,0,11,11,0
1865,63,0,1,7,1,0
1866,1,11,0,15,2,0
1867,73,1,1,19,5,0
1868,3,16,0,15,2,0
1869,1,3,0,13,12,0
1870,45,2,1,17,0,0
1871,43,0,1,16,0,0
1872,3,27,0,17,12,0
1873,63,0,1,9,1,0
1874,2,16,0,15,3,0
1875,41,2,1,3,5,0
1876,71,2,1,6,2,0
1877,70,0,1,17,0,0
1878,65,2,1,2,4,0
1879,57,2,1,23,3,0
1880,0,13,0,17,18,0
1881,3,17,0,17,4,0
1882,46,1,1,6,5,0
1883,64,0,1,21,3,0
1884,75,2,1,5,5,0
1885,74,1,1,6,0,0
1886,0,7,0,12,19,0
1887,63,1,1,8,5,0
1888,41,0,1,7,3,0
1889,4,37,0,20,9,0
1890,79,1,1,9,2,0
1891,47,2,1,12,5,0
1892,58,4,1,3,5,0
1893,4,31,0,11,0,0
1894,3,28,0,12,19,0
1895,4,29,0,21,4,0
1896,65,0,1,6,2,0
1897,3,18,0,13,5,0
1898,4,15,0,20,4,0
1899,65,3,1,23,5,0
1900,2,32,0,21,0,0
1901,4,33,0,20,18,0
1902,54,1,1,24,2,0
1903,68,4,1,14,4,0
1904,78,1,1,21,2,0
1905,4,14,0,18,0,0
1906,3,21,0,18,10,0
1907,4,35,0,20,17,0
1908,3,26,0,15,15,0
1909,3,17,0,11,10,0
1910,76,1,1,14,1,0
1911,2,8,0,20,17,0
1912,4,27,0,11,18,0
1913,46,3,1,22,3,0
1914,76,0,1,5,4,0
1915,0,4,0,18,13,0
1916,3,14,0,20,8,0
1917,50,0,1,22,0,0
1918,4,15,0,12,8,0
1919,3,34,0,12,5,0
1920,4,17,0,19,6,0
1921,0,15,0,20,7,0
1922,1,31,0,17,19,0
1923,74,4,1,4,2,0
1924,2,7,0,11,11,0
1925,2,4,0,11,2,0
1926,50,4,1,3,5,0
1927,0,29,0,11,14,0
1928,2,33,0,11,1,0
1929,45,3,1,22,1,0
1930,74,0,1,3,5,0
1931,63,4,1,18,5,0
1932,45,0,1,22,2,0
1933,71,4,1,19,0,0
1934,3,6,0,19,2,0
1935,66,2,1,17,5,0
1936,0,4,0,17,15,0
1937,64,2,1,3,4,0
1938,3,28,0,20,0,0
1939,0,28,0,17,12,0
1940,2,25,0,13,5,0
1941,3,8,0,17,14,0
1942,2,35,0,20,14,0
1943,0,17,0,17,19,0
1944,4,17,0,20,4,0
1945,67,4,1,15,4,0
1946,1,2,0,21,8,0
1947,72,4,1,20,5,0
1948,4,10,0,19,5,0
1949,53,3,1,11,5,0
1950,0,15,0,12,15,0
1951,53,3,1,12,1,0
1952,1,37,0,20,14,0
1953,76,2,1,21,3,0
1954,0,20,0,19,7,0
1955,64,0,1,8,4,0
1956,4,20,0,20,18,0
1957,4,37,0,17,9,0
1958,3,17,0,19,8,0
1959,66,0,1,18,4,0
1960,59,4,1,4,4,0
1961,0,28,0,11,3,0
1962,78,2,1,18,3,0
1963,70,1,1,22,4,0
1964,45,4,1,7,4,0
1965,0,0,0,19,12,0
1966,2,22,0,19,8,0
1967,0,10,0,15,13,0
1968,41,4,1,9,0,0
1969,3,34,0,21,7,0
1970,41,1,1,17,4,0
1971,1,40,0,21,18,0
1972,0,33,0,19,13,0
1973,64,3,1,4,2,0
1974,61,0,1,7,5,0
1975,0,25,0,11,17,0
1976,58,4,1,18,4,0
1977,76,0,1,20,5,0
1978,0,37,0,11,12,0
1979,60,2,1,6,0,0
1980,0,14,0,15,5,0
1981,77,0,1,8,4,0
1982,57,4,1,15,0,0
1983,54,0,1,16,1,0
1984,70,1,1,17,1,0
1985,65,0,1,24,4,0
1986,0,4,0,18,1,0
1987,4,40,0,13,18,0
1988,58,4,1,22,2,0
1989,2,31,0,15,16,0
1990,3,0,0,21,16,0
1991,59,1,1,13,3,0
1992,1,13,0,15,9,0
1993,45,3,1,17,3,0
1994,63,1,1,19,3,0
1995,67,3,1,17,0,0
1996,2,8,0,19,6,0
1997,2,23,0,12,8,0
1998,52,1,1,18,1,0
1999,65,4,1,11,4,0
2000,47,1,1,11,4,0
2001,47,3,1,1,0,0
2001,73,3,1,1,2,1
2002,3,11,0,14,1,0
2002,3,33,0,14,1,1
2003,1,25,0,14,19,0
2003,1,4,0,14,19,1
2004,62,2,1,0,5,1
2004,63,2,1,1,2,0
2005,46,4,1,0,2,1
2005,72,4,1,1,5,1
2006,73,1,1,1,3,1
2006,53,1,1,0,3,1
2007,3,28,0,16,18,0
2007,3,11,0,16,18,1
2008,50,2,1,1,0,1
2008,44,2,1,1,0,1
2009,52,1,1,1,5,1
2009,62,1,1,0,5,1
2010,3,38,0,14,5,0
2010,3,12,0,14,5,1
2011,3,31,0,16,19,0
2011,3,32,0,16,19,1
2012,2,20,0,14,16,0
2012,2,18,0,14,16,1
2013,62,1,1,1,5,1
2013,50,1,1,1,0,0
2014,4,31,0,16,18,0
2014,4,5,0,16,18,1
2015,3,36,0,14,16,0
2015,3,16,0,14,16,1
2016,4,26,0,16,1,0
2016,4,39,0,16,1,1
2017,0,30,0,14,2,0
2017,0,6,0,14,2,1
2018,42,4,1,1,1,0
2018,72,4,1,1,5,0
2019,1,1,0,14,2,0
2019,1,3,0,14,2,1
2020,4,21,0,16,1,0
2020,4,23,0,16,1,1
2021,1,40,0,16,0,0
2021,1,22,0,16,0,1
2022,1,36,0,16,5,0
2022,1,28,0,16,5,1
2023,1,28,0,14,16,0
2023,1,33,0,14,16,1
2024,59,4,1,0,5,1
2024,55,4,1,1,5,1
2025,64,0,1,1,5,1
2025,64,0,1,0,0,0
2026,2,0,0,16,3,0
2026,2,1,0,16,3,1
2027,54,1,1,0,2,0
2027,78,1,1,0,4,0
2028,67,1,1,1,3,0
2028,66,1,1,0,0,0
2029,60,3,1,1,3,1
2029,45,3,1,1,0,1
2030,73,2,1,0,1,1
2030,49,2,1,1,1,0
2031,61,2,1,0,1,1
2031,57,2,1,1,1,1
2032,3,37,0,16,12,0
2032,3,21,0,16,12,1
2033,2,38,0,14,8,0
2033,2,36,0,14,8,1
2034,59,1,1,0,2,0
2034,58,1,1,0,5,1
2035,4,8,0,16,10,0
2035,4,18,0,16,10,1
2036,66,2,1,0,0,1
2036,41,2,1,1,1,1
2037,2,33,0,14,8,0
2037,2,13,0,14,8,1
2038,4,12,0,16,8,0
2038,4,14,0,16,8,1
2039,74,1,1,1,1,0
2039,54,1,1,1,4,0
2040,1,5,0,14,5,0
2040,1,14,0,14,5,1
2041,68,0,1,0,3,1
2041,70,0,1,1,0,0
2042,69,1,1,0,4,1
2042,52,1,1,0,0,1
2043,2,13,0,16,1,0
2043,2,20,0,16,1,1
2044,66,1,1,0,2,1
2044,44,1,1,0,3,0
2045,74,0,1,0,3,1
2045,58,0,1,1,5,1
2046,44,3,1,0,2,0
2046,68,3,1,0,4,0
2047,53,1,1,1,0,1
2047,79,1,1,0,4,0
2048,4,2,0,14,3,0
2048,4,11,0,14,3,1
2049,1,28,0,16,6,0
2049,1,5,0,16,6,1
2050,44,2,1,1,3,1
2050,72,2,1,1,5,0
2051,3,26,0,14,15,0
2051,3,27,0,14,15,1
2052,3,4,0,14,5,0
2052,3,34,0,14,5,1
2053,73,4,1,0,3,0
2053,56,4,1,0,4,0
2054,64,0,1,0,5,1
2054,58,0,1,1,3,1
2055,73,3,1,1,4,1
2055,67,3,1,0,4,0
2056,74,0,1,0,2,1
2056,44,0,1,1,3,0
2057,71,2,1,0,3,0
2057,69,2,1,0,1,0
2058,61,0,1,0,5,0
2058,74,0,1,1,4,0
2059,2,34,0,16,6,0
2059,2,36,0,16,6,1
2060,4,19,0,14,10,0
2060,4,40,0,14,10,1
2061,2,18,0,16,18,0
2061,2,2,0,16,18,1
2062,0,13,0,16,11,0
2062,0,37,0,16,11,1
2063,3,19,0,14,18,0
2063,3,30,0,14,18,1
2064,3,22,0,16,7,0
2064,3,36,0,16,7,1
2065,56,4,1,1,1,1
2065,79,4,1,0,5,0
2066,56,0,1,1,2,0
2066,41,0,1,1,2,0
2067,49,0,1,1,5,1
2067,51,0,1,1,0,0
2068,48,3,1,0,4,0
2068,80,3,1,0,0,0
2069,46,0,1,1,0,1
2069,57,0,1,1,5,1
2070,71,3,1,1,3,0
2070,42,3,1,1,2,0
2071,2,12,0,14,9,0
2071,2,36,0,14,9,1
2072,2,20,0,14,13,0
2072,2,18,0,14,13,1
2073,4,40,0,14,0,0
2073,4,14,0,14,0,1
2074,55,1,1,1,2,1
2074,55,1,1,1,4,1
2075,65,4,1,1,3,0
2075,58,4,1,0,3,1
2076,48,4,1,1,5,0
2076,48,4,1,1,3,0
2077,67,0,1,0,4,1
2077,74,0,1,1,2,1
2078,0,30,0,16,19,0
2078,0,26,0,16,19,1
2079,4,40,0,14,14,0
2079,4,19,0,14,14,1
2080,61,2,1,1,1,0
2080,46,2,1,0,5,1
2081,55,0,1,0,0,1
2081,76,0,1,0,0,1
2082,60,0,1,1,0,1
2082,52,0,1,1,2,0
2083,48,0,1,0,4,1
2083,59,0,1,1,3,0
2084,41,1,1,0,5,0
2084,70,1,1,0,1,0
2085,0,28,0,16,10,0
2085,0,36,0,16,10,1
2086,53,1,1,0,1,0
2086,42,1,1,0,0,1
2087,0,20,0,14,8,0
2087,0,10,0,14,8,1
2088,75,0,1,1,3,0
2088,59,0,1,1,2,0
2089,4,15,0,14,1,0
2089,4,22,0,14,1,1
2090,3,24,0,14,4,0
2090,3,35,0,14,4,1
2091,4,12,0,14,19,0
2091,4,37,0,14,19,1
2092,0,34,0,14,4,0
2092,0,32,0,14,4,1
2093,0,2,0,14,15,0
2093,0,27,0,14,15,1
2094,4,30,0,14,12,0
2094,4,0,0,14,12,1
2095,2,10,0,16,13,0
2095,2,39,0,16,13,1
2096,59,1,1,1,1,0
2096,54,1,1,0,0,1
2097,75,2,1,0,3,1
2097,60,2,1,0,2,1
2098,53,1,1,0,1,1
2098,69,1,1,1,5,0
2099,2,6,0,14,9,0
2099,2,11,0,14,9,1
2100,76,4,1,1,2,0
2100,56,4,1,0,5,1
2101,67,1,1,0,5,0
2101,67,1,1,0,4,0
2102,2,28,0,14,8,0
2102,2,27,0,14,8,1
2103,63,4,1,0,0,1
2103,73,4,1,0,3,0
2104,77,4,1,1,2,0
2104,42,4,1,0,3,0
2105,43,4,1,1,3,0
2105,74,4,1,0,1,0
2106,42,3,1,1,2,0
2106,77,3,1,1,3,1
2107,1,3,0,14,2,0
2107,1,7,0,14,2,1
2108,56,1,1,1,4,1
2108,49,1,1,0,2,1
2109,0,22,0,14,6,0
2109,0,22,0,14,6,1
2110,2,24,0,16,6,0
2110,2,21,0,16,6,1
2111,61,4,1,1,5,1
2111,67,4,1,1,2,0
2112,76,3,1,1,1,1
2112,75,3,1,0,1,0
2113,73,3,1,1,0,0
2113,41,3,1,0,0,1
2114,2,20,0,16,16,0
2114,2,11,0,16,16,1
2115,4,18,0,16,11,0
2115,4,6,0,16,11,1
2116,4,26,0,16,6,0
2116,4,28,0,16,6,1
2117,51,2,1,0,5,1
2117,48,2,1,1,1,1
2118,0,39,0,14,19,0
2118,0,10,0,14,19,1
2119,4,15,0,14,2,0
2119,4,39,0,14,2,1
2120,4,25,0,16,6,0
2120,4,10,0,16,6,1
2121,55,2,1,0,3,1
2121,57,2,1,1,4,1
2122,74,4,1,0,4,0
2122,54,4,1,1,0,1
2123,4,37,0,16,15,0
2123,4,13,0,16,15,1
2124,62,4,1,0,0,1
2124,69,4,1,0,2,0
2125,2,30,0,14,10,0
2125,2,0,0,14,10,1
2126,61,1,1,1,2,0
2126,65,1,1,1,4,1
2127,1,37,0,16,6,0
2127,1,10,0,16,6,1
2128,56,2,1,1,5,1
2128,45,2,1,0,2,1
2129,48,1,1,1,2,0
2129,64,1,1,0,3,1
2130,4,0,0,14,7,0
2130,4,11,0,14,7,1
2131,44,0,1,0,4,0
2131,47,0,1,0,1,0
2132,3,13,0,14,17,0
2132,3,29,0,14,17,1
2133,2,10,0,16,7,0
2133,2,4,0,16,7,1
2134,75,4,1,0,0,0
2134,65,4,1,0,5,0
2135,68,4,1,0,0,0
2135,69,4,1,1,2,0
2136,43,4,1,0,5,0
2136,77,4,1,1,1,1
2137,55,0,1,0,0,0
2137,49,0,1,1,3,1
2138,2,13,0,16,10,0
2138,2,16,0,16,10,1
2139,2,18,0,14,16,0
2139,2,37,0,14,16,1
2140,1,33,0,16,16,0
2140,1,13,0,16,16,1
2141,79,4,1,0,4,0
2141,48,4,1,0,0,1
2142,2,33,0,14,16,0
2142,2,35,0,14,16,1
2143,0,22,0,16,12,0
2143,0,22,0,16,12,1
2144,3,12,0,16,18,0
2144,3,39,0,16,18,1
2145,65,1,1,1,1,0
2145,65,1,1,0,2,0
2146,49,4,1,0,1,1
2146,43,4,1,0,0,0
2147,4,21,0,16,10,0
2147,4,27,0,16,10,1
2148,72,2,1,1,5,1
2148,53,2,1,1,3,1
2149,1,38,0,16,16,0
2149,1,19,0,16,16,1
2150,80,0,1,1,4,1
2150,70,0,1,0,4,1
2151,64,4,1,1,5,0
2151,54,4,1,0,1,1
2152,2,36,0,14,0,0
2152,2,19,0,14,0,1
2153,1,30,0,16,4,0
2153,1,9,0,16,4,1
2154,0,8,0,14,2,0
2154,0,36,0,14,2,1
2155,54,2,1,0,0,0
2155,67,2,1,0,4,0
2156,1,27,0,14,0,0
2156,1,16,0,14,0,1
2157,61,2,1,1,3,1
2157,49,2,1,0,2,1
2158,4,17,0,16,7,0
2158,4,18,0,16,7,1
2159,4,38,0,16,12,0
2159,4,9,0,16,12,1
2160,78,0,1,0,2,1
2160,55,0,1,0,1,0
2161,54,2,1,0,3,0
2161,69,2,1,0,2,0
2162,3,30,0,14,15,0
2162,3,15,0,14,15,1
2163,76,3,1,1,4,1
2163,57,3,1,1,3,1
2164,80,4,1,0,3,1
2164,68,4,1,0,5,0
2165,4,16,0,14,1,0
2165,4,25,0,14,1,1
2166,80,4,1,1,5,1
2166,50,4,1,0,4,1
2167,2,2,0,14,7,0
2167,2,2,0,14,7,1
2168,3,10,0,16,10,0
2168,3,36,0,16,10,1
2169,56,3,1,1,1,1
2169,73,3,1,0,2,1
2170,78,0,1,1,0,0
2170,73,0,1,1,2,1
2171,60,1,1,0,5,0
2171,75,1,1,1,5,1
2172,0,5,0,14,8,0
2172,0,23,0,14,8,1
2173,68,4,1,1,4,0
2173,74,4,1,0,0,0
2174,63,2,1,0,0,0
2174,78,2,1,0,0,1
2175,0,2,0,16,18,0
2175,0,33,0,16,18,1
2176,52,0,1,0,5,1
2176,49,0,1,0,1,1
2177,3,40,0,16,13,0
2177,3,28,0,16,13,1
2178,62,3,1,0,2,1
2178,43,3,1,1,0,1
2179,4,3,0,14,6,0
2179,4,34,0,14,6,1
2180,62,0,1,1,3,0
2180,50,0,1,0,4,1
2181,58,4,1,1,5,0
2181,65,4,1,0,2,0
2182,54,3,1,1,5,0
2182,59,3,1,0,3,0
2183,2,15,0,16,3,0
2183,2,4,0,16,3,1
2184,69,3,1,0,0,1
2184,60,3,1,0,1,0
2185,73,1,1,0,4,0
2185,42,1,1,1,5,0
2186,48,3,1,0,2,1
2186,73,3,1,1,5,0
2187,0,0,0,16,9,0
2187,0,7,0,16,9,1
2188,2,19,0,14,5,0
2188,2,21,0,14,5,1
2189,1,22,0,14,0,0
2189,1,40,0,14,0,1
2190,62,4,1,1,2,1
2190,58,4,1,0,4,0
2191,2,0,0,14,7,0
2191,2,22,0,14,7,1
2192,3,29,0,16,4,0
2192,3,29,0,16,4,1
2193,2,7,0,14,8,0
2193,2,36,0,14,8,1
2194,54,4,1,0,3,0
2194,51,4,1,1,1,0
2195,2,2,0,16,17,0
2195,2,32,0,16,17,1
2196,65,3,1,0,4,1
2196,72,3,1,0,0,0
2197,76,2,1,0,0,1
2197,80,2,1,0,2,1
2198,53,0,1,1,3,0
2198,74,0,1,0,1,0
2199,4,14,0,16,2,0
2199,4,0,0,16,2,1
2200,2,25,0,14,4,0
2200,2,19,0,14,4,1
2201,0,36,0,14,7,0
2201,0,18,0,14,7,1
2202,3,24,0,16,13,0
2202,3,30,0,16,13,1
2203,68,0,1,0,1,1
2203,60,0,1,1,2,1
2204,3,40,0,14,17,0
2204,3,30,0,14,17,1
2205,58,1,1,0,4,0
2205,70,1,1,1,5,0
2206,55,1,1,0,2,0
2206,78,1,1,1,4,1
2207,0,17,0,14,6,0
2207,0,19,0,14,6,1
2208,72,1,1,0,4,1
2208,55,1,1,1,3,1
2209,4,8,0,16,0,0
2209,4,26,0,16,0,1
2210,1,33,0,14,12,0
2210,1,36,0,14,12,1
2211,64,1,1,0,1,0
2211,69,1,1,1,2,0
2212,75,2,1,0,3,0
2212,77,2,1,0,1,1
2213,1,0,0,14,15,0
2213,1,35,0,14,15,1
2214,42,0,1,0,3,0
2214,62,0,1,0,4,1
2215,60,4,1,0,2,1
2215,70,4,1,1,5,0
2216,3,38,0,16,15,0
2216,3,34,0,16,15,1
2217,50,0,1,0,1,1
2217,50,0,1,1,5,0
2218,0,4,0,16,3,0
2218,0,36,0,16,3,1
2219,78,0,1,0,4,0
2219,52,0,1,0,0,1
2220,69,4,1,1,5,0
2220,58,4,1,1,0,1
2221,59,2,1,0,1,0
2221,55,2,1,0,1,1
2222,58,2,1,0,5,0
2222,67,2,1,0,0,1
2223,76,2,1,1,0,0
2223,71,2,1,1,5,1
2224,66,1,1,0,4,0
2224,59,1,1,1,5,1
2225,47,0,1,0,3,0
2225,64,0,1,1,3,0
2226,44,0,1,1,0,1
2226,47,0,1,1,5,0
2227,61,0,1,0,2,1
2227,73,0,1,0,3,1
2228,70,2,1,1,5,0
2228,45,2,1,0,1,0
2229,4,3,0,14,11,0
2229,4,4,0,14,11,1
2230,80,0,1,0,5,1
2230,58,0,1,0,3,0
2231,3,21,0,14,19,0
2231,3,0,0,14,19,1
2232,64,4,1,1,3,0
2232,50,4,1,0,0,1
2233,79,4,1,0,2,0
2233,78,4,1,0,3,1
2234,4,32,0,14,3,0
2234,4,2,0,14,3,1
2235,59,4,1,1,5,0
2235,47,4,1,0,0,0
2236,63,3,1,0,4,0
2236,42,3,1,1,4,0
2237,80,3,1,1,4,0
2237,75,3,1,1,0,0
2238,55,0,1,0,3,1
2238,64,0,1,1,3,1
2239,61,4,1,1,5,1
2239,52,4,1,0,3,1
2240,70,1,1,0,4,1
2240,48,1,1,1,5,0
2241,1,17,0,14,11,0
2241,1,28,0,14,11,1
2242,69,0,1,0,2,1
2242,72,0,1,0,3,0
2243,2,23,0,16,13,0
2243,2,8,0,16,13,1
2244,67,2,1,1,2,1
2244,56,2,1,1,2,1
2245,51,0,1,0,0,0
2245,75,0,1,0,3,1
2246,4,13,0,14,1,0
2246,4,2,0,14,1,1
2247,53,0,1,0,3,1
2247,80,0,1,0,4,0
2248,67,2,1,1,5,0
2248,66,2,1,1,4,0
2249,78,2,1,1,5,1
2249,54,2,1,1,2,0
2250,3,4,0,16,7,0
2250,3,16,0,16,7,1
2251,78,4,1,1,5,1
2251,61,4,1,1,1,0
2252,1,30,0,16,11,0
2252,1,23,0,16,11,1
2253,4,39,0,16,7,0
2253,4,22,0,16,7,1
2254,4,17,0,16,5,0
2254,4,12,0,16,5,1
2255,0,30,0,14,2,0
2255,0,34,0,14,2,1
2256,2,1,0,14,7,0
2256,2,38,0,14,7,1
2257,4,11,0,16,4,0
2257,4,23,0,16,4,1
2258,72,0,1,1,3,0
2258,63,0,1,1,4,0
2259,80,0,1,1,1,0
2259,74,0,1,1,0,0
2260,2,14,0,14,17,0
2260,2,30,0,14,17,1
2261,51,1,1,1,5,0
2261,43,1,1,1,1,0
2262,2,3,0,14,12,0
2262,2,24,0,14,12,1
2263,64,3,1,1,1,1
2263,79,3,1,0,4,0
2264,53,2,1,0,5,1
2264,71,2,1,0,0,1
2265,0,36,0,14,0,0
2265,0,36,0,14,0,1
2266,0,19,0,16,7,0
2266,0,2,0,16,7,1
2267,2,14,0,16,5,0
2267,2,22,0,16,5,1
2268,65,2,1,1,5,0
2268,66,2,1,1,5,0
2269,2,3,0,16,12,0
2269,2,36,0,16,12,1
2270,47,2,1,1,2,1
2270,77,2,1,0,3,1
2271,2,1,0,16,19,0
2271,2,25,0,16,19,1
2272,59,0,1,0,1,0
2272,50,0,1,1,1,1
2273,54,0,1,0,5,0
2273,55,0,1,0,0,0
2274,61,1,1,1,1,0
2274,63,1,1,1,4,1
2275,3,3,0,16,9,0
2275,3,6,0,16,9,1
2276,47,4,1,1,0,0
2276,63,4,1,1,3,1
2277,1,30,0,14,17,0
2277,1,15,0,14,17,1
2278,44,4,1,0,1,1
2278,53,4,1,1,3,1
2279,66,3,1,1,2,0
2279,59,3,1,1,0,1
2280,0,4,0,16,2,0
2280,0,32,0,16,2,1
2281,58,0,1,0,0,0
2281,66,0,1,0,4,0
2282,67,0,1,1,1,0
2282,71,0,1,0,0,0
2283,2,25,0,16,13,0
2283,2,18,0,16,13,1
2284,68,3,1,1,0,0
2284,48,3,1,0,0,0
2285,2,39,0,14,15,0
2285,2,12,0,14,15,1
2286,2,6,0,16,4,0
2286,2,15,0,16,4,1
2287,0,22,0,14,9,0
2287,0,7,0,14,9,1
2288,49,4,1,1,5,1
2288,76,4,1,0,0,1
2289,0,19,0,16,1,0
2289,0,37,0,16,1,1
2290,2,13,0,14,1,0
2290,2,22,0,14,1,1
2291,64,4,1,0,0,1
2291,51,4,1,1,0,0
2292,42,2,1,1,4,0
2292,71,2,1,1,0,0
2293,3,5,0,14,14,0
2293,3,40,0,14,14,1
2294,3,19,0,14,13,0
2294,3,33,0,14,13,1
2295,72,4,1,1,2,0
2295,67,4,1,1,2,1
2296,43,3,1,0,5,0
2296,59,3,1,0,2,1
2297,1,31,0,14,2,0
2297,1,7,0,14,2,1
2298,64,4,1,1,2,1
2298,66,4,1,0,3,0
2299,47,2,1,1,0,1
2299,61,2,1,1,2,1
2300,4,39,0,16,10,0
2300,4,10,0,16,10,1
2301,0,29,0,16,19,0
2301,0,11,0,16,19,1
2302,56,4,1,0,3,1
2302,75,4,1,1,4,1
2303,4,9,0,14,3,0
2303,4,16,0,14,3,1
2304,63,3,1,1,3,0
2304,72,3,1,1,2,1
2305,0,22,0,16,6,0
2305,0,1,0,16,6,1
2306,63,1,1,0,5,1
2306,74,1,1,0,0,0
2307,1,16,0,14,6,0
2307,1,15,0,14,6,1
2308,3,37,0,16,1,0
2308,3,28,0,16,1,1
2309,1,6,0,14,15,0
2309,1,13,0,14,15,1
2310,63,1,1,1,3,0
2310,64,1,1,0,2,0
2311,0,10,0,14,15,0
2311,0,21,0,14,15,1
2312,3,31,0,14,0,0
2312,3,38,0,14,0,1
2313,3,6,0,14,13,0
2313,3,28,0,14,13,1
2314,2,25,0,16,7,0
2314,2,10,0,16,7,1
2315,0,40,0,16,10,0
2315,0,12,0,16,10,1
2316,43,2,1,0,5,0
2316,59,2,1,0,0,1
2317,0,4,0,14,2,0
2317,0,2,0,14,2,1
2318,48,2,1,0,0,0
2318,42,2,1,0,2,1
2319,4,31,0,14,17,0
2319,4,27,0,14,17,1
2320,72,0,1,1,3,1
2320,65,0,1,0,4,1
2321,2,39,0,16,15,0
2321,2,0,0,16,15,1
2322,67,3,1,0,2,1
2322,57,3,1,1,1,0
2323,3,31,0,16,19,0
2323,3,0,0,16,19,1
2324,1,29,0,16,0,0
2324,1,26,0,16,0,1
2325,0,20,0,14,19,0
2325,0,23,0,14,19,1
2326,42,0,1,1,1,0
2326,79,0,1,0,0,1
2327,2,25,0,16,4,0
2327,2,33,0,16,4,1
2328,79,1,1,0,0,0
2328,64,1,1,1,1,0
2329,1,39,0,16,3,0
2329,1,18,0,16,3,1
2330,1,0,0,16,11,0
2330,1,24,0,16,11,1
2331,4,30,0,16,19,0
2331,4,19,0,16,19,1
2332,3,1,0,14,6,0
2332,3,35,0,14,6,1
2333,57,3,1,1,2,1
2333,77,3,1,1,3,0
2334,3,35,0,16,2,0
2334,3,33,0,16,2,1
2335,73,3,1,1,3,1
2335,44,3,1,0,1,1
2336,44,4,1,1,5,1
2336,60,4,1,1,3,0
2337,4,13,0,16,18,0
2337,4,32,0,16,18,1
2338,54,3,1,1,1,1
2338,58,3,1,0,2,1
2339,2,30,0,16,12,0
2339,2,37,0,16,12,1
2340,66,2,1,1,3,1
2340,44,2,1,1,3,1
2341,75,2,1,0,2,0
2341,70,2,1,1,3,1
2342,4,21,0,14,19,0
2342,4,25,0,14,19,1
2343,1,33,0,16,4,0
2343,1,8,0,16,4,1
2344,55,3,1,0,0,0
2344,72,3,1,1,3,1
2345,51,4,1,1,1,1
2345,72,4,1,0,5,1
2346,67,2,1,0,5,0
2346,74,2,1,1,2,0
2347,0,33,0,14,10,0
2347,0,5,0,14,10,1
2348,65,0,1,0,3,0
2348,41,0,1,1,2,0
2349,60,4,1,0,5,1
2349,60,4,1,0,5,1
2350,64,4,1,1,1,1
2350,63,4,1,0,2,0
2351,0,7,0,16,0,0
2351,0,9,0,16,0,1
2352,2,23,0,16,15,0
2352,2,34,0,16,15,1
2353,57,1,1,1,0,0
2353,66,1,1,1,5,0
2354,55,1,1,1,4,0
2354,65,1,1,0,0,1
2355,66,2,1,0,3,0
2355,44,2,1,1,5,1
2356,1,10,0,14,9,0
2356,1,36,0,14,9,1
2357,1,8,0,16,1,0
2357,1,18,0,16,1,1
2358,76,3,1,1,5,0
2358,52,3,1,0,4,1
2359,4,2,0,16,17,0
2359,4,23,0,16,17,1
2360,1,34,0,14,14,0
2360,1,11,0,14,14,1
2361,2,7,0,14,5,0
2361,2,1,0,14,5,1
2362,69,1,1,1,5,1
2362,52,1,1,1,2,0
2363,48,1,1,0,3,0
2363,69,1,1,1,3,0
2364,49,1,1,1,0,1
2364,52,1,1,1,5,1
2365,0,26,0,14,7,0
2365,0,24,0,14,7,1
2366,1,24,0,14,1,0
2366,1,24,0,14,1,1
2367,55,1,1,0,2,0
2367,50,1,1,0,4,0
2368,60,1,1,1,3,1
2368,56,1,1,1,1,1
2369,2,6,0,16,10,0
2369,2,34,0,16,10,1
2370,50,3,1,1,0,1
2370,52,3,1,0,4,0
2371,80,4,1,1,1,0
2371,49,4,1,1,3,1
2372,2,35,0,14,13,0
2372,2,20,0,14,13,1
2373,58,1,1,0,3,1
2373,54,1,1,1,1,1
2374,49,0,1,1,2,0
2374,76,0,1,0,5,1
2375,2,27,0,16,12,0
2375,2,25,0,16,12,1
2376,66,0,1,0,3,1
2376,80,0,1,0,5,1
2377,41,4,1,0,5,0
2377,47,4,1,0,4,1
2378,80,4,1,0,0,1
2378,47,4,1,0,2,0
2379,60,1,1,0,5,1
2379,60,1,1,0,2,1
2380,76,2,1,1,2,1
2380,76,2,1,0,4,1
2381,78,1,1,1,4,0
2381,57,1,1,1,5,1
2382,50,4,1,0,5,1
2382,59,4,1,0,3,0
2383,3,37,0,14,6,0
2383,3,29,0,14,6,1
2384,71,0,1,1,4,0
2384,77,0,1,1,0,1
2385,1,11,0,16,2,0
2385,1,28,0,16,2,1
2386,47,4,1,0,2,0
2386,41,4,1,0,4,0
2387,2,8,0,16,13,0
2387,2,29,0,16,13,1
2388,2,27,0,16,19,0
2388,2,7,0,16,19,1
2389,79,2,1,0,4,0
2389,78,2,1,1,0,1
2390,65,4,1,0,4,1
2390,49,4,1,1,5,1
2391,51,4,1,1,0,0
2391,59,4,1,1,4,0
2392,69,0,1,0,0,1
2392,51,0,1,1,4,1
2393,2,3,0,16,1,0
2393,2,21,0,16,1,1
2394,1,11,0,16,9,0
2394,1,21,0,16,9,1
2395,43,1,1,1,3,1
2395,52,1,1,0,2,1
2396,0,21,0,16,11,0
2396,0,20,0,16,11,1
2397,79,2,1,1,4,1
2397,77,2,1,1,4,0
2398,73,2,1,1,1,0
2398,64,2,1,1,4,0
2399,4,17,0,16,10,0
2399,4,2,0,16,10,1
2400,64,3,1,0,0,0
2400,57,3,1,0,4,1
2401,3,23,0,14,3,0
2401,3,22,0,14,3,1
2402,2,9,0,14,12,0
2402,2,4,0,14,12,1
2403,2,30,0,16,14,0
2403,2,1,0,16,14,1
2404,43,0,1,1,0,1
2404,42,0,1,1,5,1
2405,4,11,0,14,8,0
2405,4,37,0,14,8,1
2406,61,4,1,0,2,0
2406,64,4,1,0,2,1
2407,3,33,0,14,3,0
2407,3,20,0,14,3,1
2408,3,23,0,14,8,0
2408,3,40,0,14,8,1
2409,2,16,0,14,14,0
2409,2,18,0,14,14,1
2410,2,6,0,14,6,0
2410,2,15,0,14,6,1
2411,67,3,1,1,3,0
2411,76,3,1,0,4,0
2412,56,3,1,0,2,1
2412,46,3,1,0,2,1
2413,45,3,1,1,0,0
2413,44,3,1,1,1,0
2414,58,3,1,1,5,1
2414,66,3,1,0,5,0
2415,1,4,0,14,14,0
2415,1,18,0,14,14,1
2416,1,37,0,14,8,0
2416,1,37,0,14,8,1
2417,0,19,0,14,12,0
2417,0,2,0,14,12,1
2418,59,3,1,0,5,1
2418,46,3,1,1,2,0
2419,2,12,0,14,16,0
2419,2,34,0,14,16,1
2420,2,22,0,14,5,0
2420,2,5,0,14,5,1
2421,2,10,0,16,12,0
2421,2,37,0,16,12,1
2422,2,29,0,14,1,0
2422,2,1,0,14,1,1
2423,67,1,1,1,5,1
2423,55,1,1,1,5,0
2424,66,0,1,1,3,0
2424,65,0,1,1,0,1
2425,0,26,0,14,4,0
2425,0,37,0,14,4,1
2426,80,0,1,0,1,0
2426,65,0,1,1,1,1
2427,3,17,0,16,11,0
2427,3,22,0,16,11,1
2428,0,24,0,16,5,0
2428,0,11,0,16,5,1
2429,78,2,1,1,4,0
2429,80,2,1,0,4,0
2430,2,35,0,14,14,0
2430,2,3,0,14,14,1
2431,4,27,0,14,0,0
2431,4,15,0,14,0,1
2432,67,2,1,1,3,0
2432,55,2,1,1,1,0
2433,56,2,1,0,5,0
2433,65,2,1,0,0,0
2434,76,4,1,1,5,1
2434,68,4,1,1,0,0
2435,1,37,0,14,9,0
2435,1,36,0,14,9,1
2436,4,31,0,16,1,0
2436,4,9,0,16,1,1
2437,74,4,1,1,4,0
2437,44,4,1,0,3,1
2438,43,1,1,0,3,1
2438,78,1,1,0,1,1
2439,71,2,1,0,4,0
2439,72,2,1,1,3,0
2440,0,26,0,16,10,0
2440,0,19,0,16,10,1
2441,77,4,1,0,1,0
2441,56,4,1,0,2,1
2442,4,0,0,16,19,0
2442,4,24,0,16,19,1
2443,73,0,1,0,2,1
2443,55,0,1,0,3,1
2444,54,4,1,0,3,0
2444,56,4,1,0,2,0
2445,67,2,1,0,2,0
2445,66,2,1,1,1,0
2446,1,1,0,14,9,0
2446,1,37,0,14,9,1
2447,2,16,0,14,1,0
2447,2,11,0,14,1,1
2448,3,6,0,16,6,0
2448,3,22,0,16,6,1
2449,61,0,1,0,2,1
2449,53,0,1,0,4,0
2450,0,35,0,16,11,0
2450,0,39,0,16,11,1
2451,1,40,0,16,5,0
2451,1,40,0,16,5,1
2452,52,3,1,0,2,0
2452,47,3,1,1,3,1
2453,1,2,0,14,15,0
2453,1,23,0,14,15,1
2454,47,0,1,1,2,0
2454,64,0,1,1,2,0
2455,55,3,1,1,4,0
2455,66,3,1,0,1,0
2456,52,4,1,0,2,1
2456,49,4,1,0,4,0
2457,3,0,0,14,17,0
2457,3,39,0,14,17,1
2458,65,4,1,0,4,0
2458,43,4,1,1,3,0
2459,4,18,0,14,5,0
2459,4,21,0,14,5,1
2460,4,7,0,14,10,0
2460,4,2,0,14,10,1
2461,60,4,1,0,2,0
2461,74,4,1,0,5,1
2462,67,0,1,1,0,0
2462,77,0,1,1,1,0
2463,59,0,1,0,3,1
2463,49,0,1,0,5,1
2464,0,15,0,14,12,0
2464,0,30,0,14,12,1
2465,58,0,1,1,1,1
2465,47,0,1,1,5,1
2466,47,3,1,0,4,0
2466,44,3,1,0,4,0
2467,72,1,1,1,2,1
2467,63,1,1,1,0,0
2468,50,3,1,1,3,1
2468,52,3,1,0,3,1
2469,72,0,1,1,4,0
2469,76,0,1,0,2,1
2470,72,2,1,1,2,0
2470,61,2,1,1,1,1
2471,1,6,0,16,16,0
2471,1,34,0,16,16,1
2472,69,0,1,1,3,1
2472,77,0,1,0,1,0
2473,1,7,0,14,9,0
2473,1,32,0,14,9,1
2474,3,26,0,16,9,0
2474,3,36,0,16,9,1
2475,57,3,1,1,5,0
2475,43,3,1,1,4,1
2476,56,0,1,0,0,0
2476,64,0,1,1,4,1
2477,4,10,0,16,7,0
2477,4,3,0,16,7,1
2478,68,2,1,1,4,0
2478,57,2,1,1,1,1
2479,54,0,1,0,5,1
2479,56,0,1,1,1,1
2480,2,26,0,16,12,0
2480,2,11,0,16,12,1
2481,59,0,1,0,1,1
2481,53,0,1,1,3,0
2482,77,2,1,0,1,1
2482,61,2,1,0,3,0
2483,77,1,1,1,4,1
2483,79,1,1,0,5,1
2484,4,20,0,16,8,0
2484,4,28,0,16,8,1
2485,79,3,1,1,2,0
2485,74,3,1,0,5,0
2486,3,7,0,16,5,0
2486,3,9,0,16,5,1
2487,4,34,0,16,5,0
2487,4,0,0,16,5,1
2488,1,36,0,16,15,0
2488,1,22,0,16,15,1
2489,50,1,1,1,1,1
2489,75,1,1,0,5,1
2490,3,35,0,16,14,0
2490,3,21,0,16,14,1
2491,57,3,1,1,1,1
2491,75,3,1,1,4,1
2492,1,6,0,16,2,0
2492,1,34,0,16,2,1
2493,56,3,1,0,2,1
2493,54,3,1,0,5,0
2494,0,28,0,14,6,0
2494,0,16,0,14,6,1
2495,43,0,1,0,3,0
2495,54,0,1,1,1,0
2496,4,22,0,14,4,0
2496,4,24,0,14,4,1
2497,77,2,1,0,4,0
2497,74,2,1,1,2,0
2498,66,0,1,0,3,1
2498,59,0,1,1,3,0
2499,78,3,1,1,2,0
2499,78,3,1,0,1,1
2500,70,3,1,0,4,0
2500,80,3,1,0,2,1
